bad news bears
column  1 has been normalized
0  =  M
1  =  F
2  =  I
1
[0 0 0 0 0 0 0 0 0 0 0 0 0 0 0 0 0 0 0 0 0 0 0 0 0 0 0 0 0 0]
[0 0 0 0 0 0 0 0 0 0 0 0 0 0 0 0 0 0 0 0 0 0 0 0 0 0 0 0 0 0]
[0 0 0 0 0 0 0 0 0 0 0 0 0 0 0 0 0 0 0 0 0 0 0 0 0 0 0 0 0 0]
[0 0 0 0 2 0 0 0 0 0 0 0 0 0 0 0 0 0 0 0 0 0 0 0 0 0 0 0 0 0]
[0 0 0 0 5 4 0 0 0 0 0 0 0 0 0 0 0 0 0 0 0 0 0 0 0 0 0 0 0 0]
[0 0 0 0 2 3 1 0 0 0 0 0 0 0 0 0 0 0 0 0 0 0 0 0 0 0 0 0 0 0]
[ 0  0  0  0  0  0 11  4  0  0  0  0  0  0  0  0  0  0  0  0  0  0  0  0
  0  0  0  0  0  0]
[ 0  0  0  0  0  0  2 22  1 18  4  4  0  0  0  0  0  0  0  0  0  0  0  0
  0  0  0  0  0  0]
[ 0  0  0  0  0  0  1  6  5 15  3  0  0  0  0  0  0  0  0  0  0  0  0  0
  0  0  0  0  0  0]
[ 0  0  0  0  0  2  0  1  8 31 10  6  5  1  0  0  0  0  0  0  0  0  0  0
  0  0  0  0  0  0]
[ 0  0  0  0  0  0  0  5  7 29 11  9  1  0  0  0  0  0  0  0  0  0  0  0
  0  0  0  0  0  0]
[0 0 0 0 0 0 0 0 6 9 6 6 4 0 0 0 0 0 0 0 0 0 0 0 0 0 0 0 0 0]
[0 0 0 0 0 0 0 1 2 7 3 7 7 3 0 3 2 0 0 0 0 0 0 0 0 0 0 0 0 0]
[ 0  0  0  0  0  0  0  0  0  2 10  4  1  3  0  4  2  0  0  0  0  0  0  0
  0  0  0  0  0  0]
[0 0 0 0 0 0 0 0 1 1 3 9 0 2 0 1 0 0 0 0 0 0 0 0 0 0 0 0 0 0]
[ 0  0  0  0  0  0  0  0  2  3 11  4  0  3  0  0  0  0  0  0  0  0  0  0
  0  0  0  0  0  0]
[0 0 0 0 0 0 0 0 0 3 3 6 5 0 0 1 2 0 0 0 0 0 0 0 0 0 0 0 0 0]
[0 0 0 0 0 0 0 0 0 0 2 3 0 0 0 0 0 0 0 0 0 0 0 0 0 0 0 0 0 0]
[0 0 0 0 0 0 0 0 0 2 0 3 0 1 0 1 0 0 0 0 0 0 0 0 0 0 0 0 0 0]
[0 0 0 0 0 0 0 0 0 0 0 3 0 3 0 0 0 0 0 0 0 0 0 0 0 0 0 0 0 0]
[0 0 0 0 0 0 0 0 0 0 1 4 2 0 0 0 0 0 0 0 0 0 0 0 0 0 0 0 0 0]
[0 0 0 0 0 0 0 0 0 0 0 0 0 0 0 0 1 0 0 0 0 0 0 0 0 0 0 0 0 0]
[0 0 0 0 0 0 0 0 0 0 0 1 0 0 0 0 0 0 0 0 0 0 0 0 0 0 0 0 0 0]
[0 0 0 0 0 0 0 0 0 0 0 0 0 0 0 0 0 0 0 0 0 0 0 0 0 0 0 0 0 0]
[0 0 0 0 0 0 0 0 0 0 0 0 0 0 0 0 0 0 0 0 0 0 0 0 0 0 0 0 0 0]
[0 0 0 0 0 0 0 0 0 0 0 0 0 0 0 0 0 0 0 0 0 0 0 0 0 0 0 0 0 0]
[0 0 0 0 0 0 0 0 0 0 0 0 0 0 0 0 0 0 0 0 0 0 0 0 0 0 0 0 0 0]
[0 0 0 0 0 0 0 0 0 0 0 0 0 0 0 0 0 0 0 0 0 0 0 0 0 0 0 0 0 0]
[0 0 0 0 0 0 0 0 0 0 0 0 0 0 0 0 0 0 0 0 0 0 0 0 0 0 0 0 0 0]
[0 0 0 0 0 0 0 0 0 0 0 0 0 0 0 0 0 0 0 0 0 0 0 0 0 0 0 0 0 0]
error
Error:
[0.         0.         0.         1.         0.44444444 0.6
 0.26666667 0.51111111 0.83870968 0.66304348 0.82945736 0.88
 0.76666667 0.85714286 1.         1.         0.85185185 1.
 1.         1.         1.         1.         1.         0.
 0.         0.         0.         0.         0.         0.        ]
Precision:
[0.         0.         0.         0.         0.55555556 0.5
 0.73333333 0.43137255 0.16666667 0.484375   0.17741935 0.19354839
 0.2        0.11538462 0.         0.         0.1        0.
 0.         0.         0.         0.         0.         0.
 0.         0.         0.         0.         0.         0.        ]
Recall:
[0.         0.         0.         0.         0.55555556 0.33333333
 0.73333333 0.56410256 0.15625    0.25833333 0.1641791  0.08695652
 0.28       0.1875     0.         0.         0.28571429 0.
 0.         0.         0.         0.         0.         0.
 0.         0.         0.         0.         0.         0.        ]
Correct classifications by class:
[ 0.  0.  0.  0.  5.  3. 11. 22.  5. 31. 11.  6.  7.  3.  0.  0.  2.  0.
  0.  0.  0.  0.  0.  0.  0.  0.  0.  0.  0.  0.]
Incorrect classifications by class
[  0.   0.   0.   2.   8.   9.   8.  46.  52. 122. 107.  88.  46.  36.
  17.  33.  23.   5.   7.   6.   7.   1.   1.   0.   0.   0.   0.   0.
   0.   0.]
[0 0 0 0 0 0 0 0 0 0 0 0 0 0 0 0 0 0 0 0 0 0 0 0 0 0 0 0 0 0]
[0 0 0 0 0 0 0 0 0 0 0 0 0 0 0 0 0 0 0 0 0 0 0 0 0 0 0 0 0 0]
[0 0 0 0 0 0 0 0 0 0 0 0 0 0 0 0 0 0 0 0 0 0 0 0 0 0 0 0 0 0]
[0 0 0 0 0 0 0 0 0 0 0 0 0 0 0 0 0 0 0 0 0 0 0 0 0 0 0 0 0 0]
[0 0 0 0 2 2 0 2 0 0 0 0 0 0 0 0 0 0 0 0 0 0 0 0 0 0 0 0 0 0]
[0 0 0 0 3 3 4 1 1 0 0 0 0 0 0 0 0 0 0 0 0 0 0 0 0 0 0 0 0 0]
[0 0 0 0 0 4 1 6 1 0 0 0 0 0 0 0 0 0 0 0 0 0 0 0 0 0 0 0 0 0]
[ 0  0  0  0  0  2  6 16  5  3  0  0  0  0  0  0  0  0  0  0  0  0  0  0
  0  0  0  0  0  0]
[0 0 0 0 0 2 4 4 3 6 2 0 0 0 0 0 0 0 0 0 0 0 0 0 0 0 0 0 0 0]
[ 0  0  0  0  0  1  1  7  6 14 12  5  6  0  0  0  0  0  0  0  0  0  0  0
  0  0  0  0  0  0]
[ 0  0  0  0  0  0  0  5 15  9 16  5  0  2  0  0  0  0  0  0  0  0  0  0
  0  0  0  0  0  0]
[ 0  0  0  0  0  0  0  3  4 10 12  7  2  0  0  0  0  0  0  0  0  0  0  0
  0  0  0  0  0  0]
[ 0  0  0  0  0  0  0  1  4 16 12  1  2  2  0  2  0  0  0  0  0  0  0  0
  0  0  0  0  0  0]
[0 0 0 0 0 0 0 0 0 1 8 6 0 3 0 3 1 0 0 0 0 0 0 0 0 0 0 0 0 0]
[ 0  0  0  0  0  0  0  1  1  5 11  7  1  1  0  2  0  0  0  0  0  0  0  0
  0  0  0  0  0  0]
[ 0  0  0  0  0  0  0  0  5  2 12  6  2  0  0  2  1  0  0  0  0  0  0  0
  0  0  0  0  0  0]
[0 0 0 0 0 0 0 0 2 6 6 2 3 0 0 0 2 0 0 0 0 0 0 0 0 0 0 0 0 0]
[0 0 0 0 0 0 0 0 0 0 4 4 2 0 0 0 1 0 0 0 0 0 0 0 0 0 0 0 0 0]
[0 0 0 0 0 0 0 0 1 4 2 2 2 1 0 0 0 0 0 0 0 0 0 0 0 0 0 0 0 0]
[0 0 0 0 0 0 0 0 0 0 1 1 2 0 0 3 0 0 0 0 0 0 0 0 0 0 0 0 0 0]
[0 0 0 0 0 0 0 0 0 0 6 2 1 0 0 0 0 0 0 0 0 0 0 0 0 0 0 0 0 0]
[0 0 0 0 0 0 0 0 0 0 1 0 1 0 0 0 1 0 0 0 0 0 0 0 0 0 0 0 0 0]
[0 0 0 0 0 0 0 0 0 0 3 2 0 0 0 0 0 0 0 0 0 0 0 0 0 0 0 0 0 0]
[0 0 0 0 0 0 0 0 0 0 0 0 1 0 0 0 0 0 0 0 0 0 0 0 0 0 0 0 0 0]
[0 0 0 0 0 0 0 0 0 0 0 0 0 0 0 0 0 0 0 0 0 0 0 0 0 0 0 0 0 0]
[0 0 0 0 0 0 0 0 0 0 0 0 0 0 0 0 0 0 0 0 0 0 0 0 0 0 0 0 0 0]
[0 0 0 0 0 0 0 0 0 0 0 0 0 0 0 1 0 0 0 0 0 0 0 0 0 0 0 0 0 0]
[0 0 0 0 0 0 0 0 0 0 0 0 0 0 0 0 0 0 0 0 0 0 0 0 0 0 0 0 0 0]
[0 0 0 0 0 0 0 0 0 0 0 0 0 0 0 0 0 0 0 0 0 0 0 0 0 0 0 0 0 0]
[0 0 0 0 0 0 0 0 0 0 0 2 0 0 0 0 0 0 0 0 0 0 0 0 0 0 0 0 0 0]
error
Error:
[0.         0.         0.         0.         0.63636364 0.76923077
 0.92857143 0.58974359 0.91304348 0.78125    0.8        0.84444444
 0.93846154 0.80645161 1.         0.90697674 0.85185185 1.
 1.         1.         1.         1.         1.         1.
 0.         0.         1.         0.         0.         1.        ]
Precision:
[0.         0.         0.         0.         0.33333333 0.25
 0.08333333 0.5        0.14285714 0.26923077 0.30769231 0.18421053
 0.05       0.13636364 0.         0.06666667 0.0952381  0.
 0.         0.         0.         0.         0.         0.
 0.         0.         0.         0.         0.         0.        ]
Recall:
[0.         0.         0.         0.         0.4        0.21428571
 0.0625     0.34782609 0.0625     0.18421053 0.14814815 0.13461538
 0.08       0.33333333 0.         0.15384615 0.33333333 0.
 0.         0.         0.         0.         0.         0.
 0.         0.         0.         0.         0.         0.        ]
Correct classifications by class:
[ 0.  0.  0.  0.  2.  3.  1. 16.  3. 14. 16.  7.  2.  3.  0.  2.  2.  0.
  0.  0.  0.  0.  0.  0.  0.  0.  0.  0.  0.  0.]
Incorrect classifications by class
[  0.   0.   0.   0.   7.  20.  26.  46.  63. 100. 128.  76.  61.  25.
  29.  39.  23.  11.  12.   7.   9.   3.   5.   1.   0.   0.   1.   0.
   0.   2.]
[0 0 0 0 0 0 0 0 0 0 0 0 0 0 0 0 0 0 0 0 0 0 0 0 0 0 0 0 0 0]
[0 0 0 0 1 0 0 0 0 0 0 0 0 0 0 0 0 0 0 0 0 0 0 0 0 0 0 0 0 0]
[0 0 0 0 1 0 0 0 0 0 0 0 0 0 0 0 0 0 0 0 0 0 0 0 0 0 0 0 0 0]
[0 0 0 0 0 0 0 0 0 0 0 0 0 0 0 0 0 0 0 0 0 0 0 0 0 0 0 0 0 0]
[0 0 0 0 2 3 0 1 0 0 0 0 0 0 0 0 0 0 0 0 0 0 0 0 0 0 0 0 0 0]
[0 0 0 0 4 4 0 6 0 0 0 0 0 0 0 0 0 0 0 0 0 0 0 0 0 0 0 0 0 0]
[ 0  0  0  0  0  1  5 10  3  1  4  1  0  0  0  0  0  0  0  0  0  0  0  0
  0  0  0  0  0  0]
[ 0  0  0  0  0  1  4 22  3  1  1  1  0  0  0  0  0  0  0  0  0  0  0  0
  0  0  0  0  0  0]
[ 0  0  0  0  0  0  0  4 15 11  6  0  1  0  0  0  0  0  0  0  0  0  0  0
  0  0  0  0  0  0]
[ 0  0  0  0  0  0  0 12 14 17  9  1  1  0  0  0  0  0  0  0  0  0  0  0
  0  0  0  0  0  0]
[ 0  0  0  0  0  0  0  5  2 22 11  5  3  0  0  2  0  0  0  0  0  0  0  0
  0  0  0  0  0  0]
[ 0  0  0  0  0  0  0  3  5 12 10  3  5  0  0  0  0  0  0  0  0  0  0  0
  0  0  0  0  0  0]
[ 0  0  0  0  0  0  0  2  2 12  5  3  4  0  0  0  1  0  0  0  0  0  0  0
  0  0  0  0  0  0]
[ 0  0  0  0  0  0  0  1  6  0 11  3  5  2  0  6  0  0  0  0  0  0  0  0
  0  0  0  0  0  0]
[0 0 0 0 0 0 0 0 0 7 4 8 2 2 0 0 0 0 0 0 0 0 0 0 0 0 0 0 0 0]
[0 0 0 0 0 0 0 0 0 0 8 6 5 1 0 1 0 0 0 0 0 0 0 0 0 0 0 0 0 0]
[0 0 0 0 0 0 0 0 0 1 3 3 2 2 0 0 3 0 0 0 0 0 0 0 0 0 0 0 0 0]
[0 0 0 0 0 0 0 0 0 2 0 3 4 0 0 0 1 0 0 0 0 0 0 0 0 0 0 0 0 0]
[0 0 0 0 0 0 0 0 0 0 1 0 0 1 0 2 0 0 0 0 0 0 0 0 0 0 0 0 0 0]
[0 0 0 0 0 0 0 1 0 1 3 1 1 1 0 0 0 0 1 0 0 0 0 0 0 0 0 0 0 0]
[0 0 0 0 0 0 0 0 0 1 2 0 1 0 0 1 1 0 0 0 0 0 0 0 0 0 0 0 0 0]
[0 0 0 0 0 0 0 0 0 1 3 1 2 0 0 0 0 0 0 0 0 0 0 0 0 0 0 0 0 0]
[0 0 0 0 0 0 0 0 0 0 0 0 0 0 0 0 0 0 0 0 0 0 0 0 0 0 0 0 0 0]
[0 0 0 0 0 0 0 0 0 0 0 0 0 0 0 0 0 0 0 0 0 0 0 0 0 0 0 0 0 0]
[0 0 0 0 0 0 0 0 0 0 0 0 0 0 0 0 0 0 0 0 0 0 0 0 0 0 0 0 0 0]
[0 0 0 0 0 0 0 0 0 0 0 0 0 0 0 0 0 0 0 0 0 0 0 0 0 0 0 0 0 0]
[0 0 0 0 0 0 0 0 0 0 0 0 0 0 0 1 0 0 0 0 0 0 0 0 0 0 0 0 0 0]
[0 0 0 0 0 0 0 0 0 0 0 0 0 0 0 0 0 0 0 0 0 0 0 0 0 0 0 0 0 0]
[0 0 0 0 0 0 0 0 0 0 0 0 0 0 0 0 0 0 0 0 0 0 0 0 0 0 0 0 0 0]
[0 0 0 0 0 0 0 0 0 0 0 1 0 0 0 0 0 0 0 0 0 0 0 0 0 0 0 0 0 0]
error
Error:
[0.         1.         1.         0.         0.71428571 0.65217391
 0.70588235 0.56       0.65517241 0.76223776 0.83206107 0.92307692
 0.87692308 0.90697674 1.         0.94117647 0.7        1.
 1.         1.         1.         1.         0.         0.
 0.         0.         1.         0.         0.         1.        ]
Precision:
[0.         0.         0.         0.         0.33333333 0.28571429
 0.2        0.66666667 0.40540541 0.31481481 0.22       0.07894737
 0.13793103 0.05882353 0.         0.04761905 0.21428571 0.
 0.         0.         0.         0.         0.         0.
 0.         0.         0.         0.         0.         0.        ]
Recall:
[0.         0.         0.         0.         0.25       0.44444444
 0.55555556 0.32835821 0.3        0.19101124 0.13580247 0.075
 0.11111111 0.22222222 0.         0.07692308 0.5        0.
 0.         0.         0.         0.         0.         0.
 0.         0.         0.         0.         0.         0.        ]
Correct classifications by class:
[ 0.  0.  0.  0.  2.  4.  5. 22. 15. 17. 11.  3.  4.  2.  0.  1.  3.  0.
  0.  0.  0.  0.  0.  0.  0.  0.  0.  0.  0.  0.]
Incorrect classifications by class
[  0.   1.   1.   0.  10.  15.  24.  56.  57. 109. 109.  72.  57.  39.
  23.  32.  14.  10.   5.   9.   6.   7.   0.   0.   0.   0.   1.   0.
   0.   1.]
[0 0 0 0 0 0 0 0 0 0 0 0 0 0 0 0 0 0 0 0 0 0 0 0 0 0 0 0 0 0]
[0 0 0 0 0 0 0 0 0 0 0 0 0 0 0 0 0 0 0 0 0 0 0 0 0 0 0 0 0 0]
[0 0 0 0 0 0 0 0 0 0 0 0 0 0 0 0 0 0 0 0 0 0 0 0 0 0 0 0 0 0]
[0 0 0 0 3 0 0 0 0 0 0 0 0 0 0 0 0 0 0 0 0 0 0 0 0 0 0 0 0 0]
[0 0 0 0 3 3 0 2 0 0 0 0 0 0 0 0 0 0 0 0 0 0 0 0 0 0 0 0 0 0]
[0 0 0 0 3 2 1 6 0 0 1 0 0 0 0 0 0 0 0 0 0 0 0 0 0 0 0 0 0 0]
[ 0  0  0  0  0  1  7 10  1  1  1  0  0  0  0  0  0  0  0  0  0  0  0  0
  0  0  0  0  0  0]
[ 0  0  0  0  0  1 10 20  4  5  1  1  0  0  0  0  0  0  0  0  0  0  0  0
  0  0  0  0  0  0]
[ 0  0  0  0  0  1  1  7  8 18  4  2  0  0  0  0  0  0  0  0  0  0  0  0
  0  0  0  0  0  0]
[ 0  0  0  0  0  1  0  7  8 34 16  6  1  0  0  1  0  0  0  0  0  0  0  0
  0  0  0  0  0  0]
[ 0  0  0  0  0  0  2  2  7 14 24  5  0  1  0  0  0  0  0  0  0  0  0  0
  0  0  0  0  0  0]
[ 0  0  0  0  0  0  0  1  6  8  6 10  5  3  0  0  0  0  0  0  0  0  0  0
  0  0  0  0  0  0]
[0 0 0 0 0 0 0 0 4 5 4 7 7 0 0 0 0 0 0 0 0 0 0 0 0 0 0 0 0 0]
[0 0 0 0 0 0 0 0 4 3 6 2 4 1 0 1 1 0 0 0 0 0 0 0 0 0 0 0 0 0]
[0 0 0 0 0 0 0 1 0 1 4 3 2 0 0 0 0 0 0 0 0 0 0 0 0 0 0 0 0 0]
[ 0  0  0  0  0  0  0  0  1  2 12  3  0  1  0  1  0  0  0  0  0  0  0  0
  0  0  0  0  0  0]
[0 0 0 0 0 0 0 0 0 1 1 1 0 2 0 0 2 0 0 0 0 0 0 0 0 0 0 0 0 0]
[0 0 0 0 0 0 0 0 0 0 1 3 3 0 0 0 3 0 0 0 0 0 0 0 0 0 0 0 0 0]
[0 0 0 0 0 0 0 0 0 2 2 1 1 0 0 1 0 0 0 0 0 0 0 0 0 0 0 0 0 0]
[0 0 0 0 0 0 0 1 0 2 0 0 0 2 0 0 0 0 0 0 0 0 0 0 0 0 0 0 0 0]
[0 0 0 0 0 0 0 0 0 0 2 1 0 1 0 0 0 0 0 0 0 0 0 0 0 0 0 0 0 0]
[0 0 0 0 0 0 0 0 0 0 2 1 0 0 0 0 0 0 0 0 0 0 0 0 0 0 0 0 0 0]
[0 0 0 0 0 0 0 0 0 0 1 0 0 0 0 0 0 0 0 0 0 0 0 0 0 0 0 0 0 0]
[0 0 0 0 0 0 0 0 0 0 0 0 2 2 0 0 1 0 0 0 0 0 0 0 0 0 0 0 0 0]
[0 0 0 0 0 0 0 0 0 0 0 0 0 0 0 0 0 0 0 0 0 0 0 0 0 0 0 0 0 0]
[0 0 0 0 0 0 0 0 0 0 0 0 0 0 0 0 0 0 0 0 0 0 0 0 0 0 0 0 0 0]
[0 0 0 0 0 0 0 0 0 0 0 0 0 0 0 0 0 0 0 0 0 0 0 0 0 0 0 0 0 0]
[0 0 0 0 0 0 0 0 0 0 0 0 0 0 0 0 0 0 0 0 0 0 0 0 0 0 0 0 0 0]
[0 0 0 0 0 0 0 0 0 0 0 0 0 0 0 0 0 0 0 0 0 0 0 0 0 0 0 0 0 0]
[0 0 0 0 0 0 0 0 0 0 0 0 0 0 0 0 0 0 0 0 0 0 0 0 0 0 0 0 0 0]
error
Error:
[0.         0.         0.         1.         0.64705882 0.81818182
 0.66666667 0.5959596  0.80952381 0.6        0.66433566 0.76470588
 0.73076923 0.94285714 1.         0.91666667 0.71428571 1.
 1.         1.         1.         1.         1.         1.
 0.         0.         0.         0.         0.         0.        ]
Precision:
[0.         0.         0.         0.         0.375      0.15384615
 0.33333333 0.47619048 0.19512195 0.45945946 0.43636364 0.25641026
 0.25925926 0.04545455 0.         0.05       0.28571429 0.
 0.         0.         0.         0.         0.         0.
 0.         0.         0.         0.         0.         0.        ]
Recall:
[0.         0.         0.         0.         0.33333333 0.22222222
 0.33333333 0.35087719 0.18604651 0.35416667 0.27272727 0.2173913
 0.28       0.07692308 0.         0.25       0.28571429 0.
 0.         0.         0.         0.         0.         0.
 0.         0.         0.         0.         0.         0.        ]
Correct classifications by class:
[ 0.  0.  0.  0.  3.  2.  7. 20.  8. 34. 24. 10.  7.  1.  0.  1.  2.  0.
  0.  0.  0.  0.  0.  0.  0.  0.  0.  0.  0.  0.]
Incorrect classifications by class
[  0.   0.   0.   3.  11.  18.  28.  59.  68. 102.  95.  65.  38.  33.
  11.  22.  10.  10.   7.   5.   4.   3.   1.   5.   0.   0.   0.   0.
   0.   0.]
[0 0 0 0 0 0 0 0 0 0 0 0 0 0 0 0 0 0 0 0 0 0 0 0 0 0 0 0 0 0]
[0 0 0 0 0 0 0 0 0 0 0 0 0 0 0 0 0 0 0 0 0 0 0 0 0 0 0 0 0 0]
[0 0 0 0 0 0 0 0 0 0 0 0 0 0 0 0 0 0 0 0 0 0 0 0 0 0 0 0 0 0]
[0 0 0 0 2 0 0 0 0 0 0 0 0 0 0 0 0 0 0 0 0 0 0 0 0 0 0 0 0 0]
[0 0 0 0 5 0 0 1 0 0 0 0 0 0 0 0 0 0 0 0 0 0 0 0 0 0 0 0 0 0]
[0 0 0 0 6 6 5 7 0 0 0 0 0 0 0 0 0 0 0 0 0 0 0 0 0 0 0 0 0 0]
[ 0  0  0  0  0  6  4 16  2  2  1  0  0  0  0  0  0  0  0  0  0  0  0  0
  0  0  0  0  0  0]
[ 0  0  0  0  0  0  2 20  9  9  1  0  0  0  0  0  0  0  0  0  0  0  0  0
  0  0  0  0  0  0]
[ 0  0  0  0  0  0  1  5 25 21 14  3  1  0  0  0  0  0  0  0  0  0  0  0
  0  0  0  0  0  0]
[ 0  0  0  0  0  0  0  4 13 15 17 10  0  0  1  0  0  0  0  0  0  0  0  0
  0  0  0  0  0  0]
[ 0  0  0  0  0  0  0  1  5 19 21 11  2  1  0  0  0  0  0  0  0  0  0  0
  0  0  0  0  0  0]
[ 0  0  0  0  0  0  0  1  2  9 11  6  1  1  2  0  0  0  0  0  0  0  0  0
  0  0  0  0  0  0]
[0 0 0 0 0 0 0 0 2 6 8 7 0 1 1 0 1 0 0 0 0 0 0 0 0 0 0 0 0 0]
[0 0 0 0 0 0 0 0 3 1 4 4 1 1 0 1 0 0 0 0 0 0 0 0 0 0 0 0 0 0]
[0 0 0 0 0 0 0 2 0 0 6 3 0 1 0 0 0 0 0 0 0 0 0 0 0 0 0 0 0 0]
[0 0 0 0 0 0 0 0 0 2 3 2 1 0 0 2 0 0 0 0 0 0 0 0 0 0 0 0 0 0]
[0 0 0 0 0 0 0 0 0 1 2 1 0 0 0 0 0 0 0 0 0 0 0 0 0 0 0 0 0 0]
[0 0 0 0 0 0 0 0 0 0 4 2 1 0 0 0 0 0 0 0 0 0 0 0 0 0 0 0 0 0]
[0 0 0 0 0 0 0 0 1 1 2 0 0 0 0 1 0 0 0 0 0 0 0 0 0 0 0 0 0 0]
[0 0 0 0 0 0 0 0 0 0 0 2 1 0 0 0 0 0 0 0 0 0 0 0 0 0 0 0 0 0]
[0 0 0 0 0 0 0 0 0 0 1 2 0 0 0 0 1 0 0 0 0 0 0 0 0 0 0 0 0 0]
[0 0 0 0 0 0 0 0 0 0 0 2 0 0 0 0 0 0 0 0 0 0 0 0 0 0 0 0 0 0]
[0 0 0 0 0 0 0 0 0 0 0 0 1 0 0 0 0 0 0 0 0 0 0 0 0 0 0 0 0 0]
[0 0 0 0 0 0 0 0 0 0 0 0 1 0 0 0 0 0 0 0 0 0 0 0 0 0 0 0 0 0]
[0 0 0 0 0 0 0 0 0 0 0 0 0 0 0 0 0 0 0 0 0 0 0 0 0 0 0 0 0 0]
[0 0 0 0 0 0 0 0 0 0 0 0 0 0 0 0 0 0 0 0 0 0 0 0 0 0 0 0 0 0]
[0 0 0 0 0 0 0 0 0 0 0 0 0 0 0 0 0 0 0 0 0 0 0 0 0 0 0 0 0 0]
[0 0 0 0 0 0 0 0 0 0 0 0 0 0 0 0 0 0 0 0 0 0 0 0 0 0 0 0 0 0]
[0 0 0 0 0 0 0 0 0 0 0 0 0 0 0 0 0 0 0 0 0 0 0 0 0 0 0 0 0 0]
[0 0 0 0 0 0 0 0 0 0 0 1 0 0 0 0 0 0 0 0 0 0 0 0 0 0 0 0 0 0]
error
Error:
[0.         0.         0.         1.         0.47368421 0.66666667
 0.81395349 0.59183673 0.62121212 0.79452055 0.72903226 0.86516854
 1.         0.9        1.         0.71428571 1.         1.
 1.         1.         1.         1.         1.         1.
 0.         0.         0.         0.         0.         1.        ]
Precision:
[0.         0.         0.         0.         0.83333333 0.25
 0.12903226 0.48780488 0.35714286 0.25       0.35       0.18181818
 0.         0.06666667 0.         0.2        0.         0.
 0.         0.         0.         0.         0.         0.
 0.         0.         0.         0.         0.         0.        ]
Recall:
[0.         0.         0.         0.         0.38461538 0.5
 0.33333333 0.35087719 0.40322581 0.1744186  0.22105263 0.10714286
 0.         0.2        0.         0.5        0.         0.
 0.         0.         0.         0.         0.         0.
 0.         0.         0.         0.         0.         0.        ]
Correct classifications by class:
[ 0.  0.  0.  0.  5.  6.  4. 20. 25. 15. 21.  6.  0.  1.  0.  2.  0.  0.
  0.  0.  0.  0.  0.  0.  0.  0.  0.  0.  0.  0.]
Incorrect classifications by class
[  0.   0.   0.   2.   9.  24.  35.  58.  82. 116. 113.  77.  36.  18.
  16.  10.   6.   7.   5.   3.   4.   2.   1.   1.   0.   0.   0.   0.
   0.   1.]
[0 0 0 0 0 0 0 0 0 0 0 0 0 0 0 0 0 0 0 0 0 0 0 0 0 0 0 0 0 0]
[0 0 0 0 0 0 0 0 0 0 0 0 0 0 0 0 0 0 0 0 0 0 0 0 0 0 0 0 0 0]
[0 0 0 0 0 0 0 0 0 0 0 0 0 0 0 0 0 0 0 0 0 0 0 0 0 0 0 0 0 0]
[0 0 0 0 0 0 0 0 0 0 0 0 0 0 0 0 0 0 0 0 0 0 0 0 0 0 0 0 0 0]
[0 0 0 0 2 0 0 1 0 0 0 0 0 0 0 0 0 0 0 0 0 0 0 0 0 0 0 0 0 0]
[0 0 0 0 1 2 3 0 0 0 0 0 0 0 0 0 0 0 0 0 0 0 0 0 0 0 0 0 0 0]
[ 0  0  0  0  0  3  5 21  4  0  2  0  0  0  0  0  0  0  0  0  0  0  0  0
  0  0  0  0  0  0]
[ 0  0  0  0  0  1  2 20 11  4  3  0  0  0  0  0  0  0  0  0  0  0  0  0
  0  0  0  0  0  0]
[ 0  0  0  0  0  0  0  6 26 14  6  2  0  0  0  1  0  0  0  0  0  0  0  0
  0  0  0  0  0  0]
[ 0  0  0  0  0  0  0  2 16 31 13  9  1  0  0  0  0  1  0  0  0  0  0  0
  0  0  0  0  0  0]
[ 0  0  0  0  0  0  1  3  8 23 24  5  3  0  0  0  0  0  0  0  0  0  0  0
  0  0  0  0  0  0]
[ 0  0  0  0  0  0  0  2  2 12 16 11  2  0  0  0  0  0  0  0  0  0  0  0
  0  0  0  0  0  0]
[0 0 0 0 0 0 0 1 2 6 5 4 3 0 0 0 2 0 0 0 0 0 0 0 0 0 0 0 0 0]
[0 0 0 0 0 0 0 0 3 5 3 2 0 2 0 2 0 0 0 0 0 0 0 0 0 0 0 0 0 0]
[0 0 0 0 0 0 0 0 0 3 1 3 2 0 0 4 1 0 0 1 0 0 0 0 0 0 0 0 0 0]
[0 0 0 0 0 0 0 0 1 2 4 4 1 0 0 0 0 0 0 0 0 0 0 0 0 0 0 0 0 0]
[0 0 0 0 0 0 0 0 0 1 0 1 0 0 0 1 0 0 0 0 0 0 0 0 0 0 0 0 0 0]
[0 0 0 0 0 0 0 0 0 0 2 5 0 0 0 1 0 0 0 0 0 0 0 0 0 0 0 0 0 0]
[0 0 0 0 0 0 0 0 0 1 1 0 0 0 0 0 0 0 0 0 0 0 0 0 0 0 0 0 0 0]
[0 0 0 0 0 0 0 0 0 0 0 1 0 0 0 1 0 0 0 0 0 0 0 0 0 0 0 0 0 0]
[0 0 0 0 0 0 0 0 0 0 2 1 0 0 0 0 0 0 0 0 0 0 0 0 0 0 0 0 0 0]
[0 0 0 0 0 0 0 0 1 0 0 0 1 0 0 0 0 0 0 0 0 0 0 0 0 0 0 0 0 0]
[0 0 0 0 0 0 0 0 0 0 1 0 1 0 0 0 0 0 0 0 0 0 0 0 0 0 0 0 0 0]
[0 0 0 0 0 0 0 0 0 0 0 0 0 0 0 0 1 0 0 0 0 0 0 0 0 0 0 0 0 0]
[0 0 0 0 0 0 0 0 0 0 0 0 0 0 0 0 0 0 0 0 0 0 0 0 0 0 0 0 0 0]
[0 0 0 0 0 0 0 0 0 0 0 0 0 0 0 0 0 0 0 0 0 0 0 0 0 0 0 0 0 0]
[0 0 0 0 0 0 0 0 0 0 0 0 0 0 0 0 0 0 0 0 0 0 0 0 0 0 0 0 0 0]
[0 0 0 0 0 0 0 0 0 0 0 2 0 0 0 0 0 0 0 0 0 0 0 0 0 0 0 0 0 0]
[0 0 0 0 0 0 0 0 0 0 0 0 0 0 0 0 0 0 0 0 0 0 0 0 0 0 0 0 0 0]
[0 0 0 0 0 0 0 0 0 0 0 1 0 0 0 0 0 0 0 0 0 0 0 0 0 0 0 0 0 0]
error
Error:
[0.         0.         0.         0.         0.33333333 0.66666667
 0.7826087  0.58762887 0.59689922 0.64571429 0.68       0.77083333
 0.83783784 0.78947368 1.         1.         1.         1.
 1.         1.         1.         1.         1.         1.
 0.         0.         0.         1.         0.         1.        ]
Precision:
[0.         0.         0.         0.         0.66666667 0.33333333
 0.14285714 0.48780488 0.47272727 0.42465753 0.35820896 0.24444444
 0.13043478 0.11764706 0.         0.         0.         0.
 0.         0.         0.         0.         0.         0.
 0.         0.         0.         0.         0.         0.        ]
Recall:
[0.         0.         0.         0.         0.66666667 0.33333333
 0.45454545 0.35714286 0.35135135 0.30392157 0.28915663 0.21568627
 0.21428571 1.         0.         0.         0.         0.
 0.         0.         0.         0.         0.         0.
 0.         0.         0.         0.         0.         0.        ]
Correct classifications by class:
[ 0.  0.  0.  0.  2.  2.  5. 20. 26. 31. 24. 11.  3.  2.  0.  0.  0.  0.
  0.  0.  0.  0.  0.  0.  0.  0.  0.  0.  0.  0.]
Incorrect classifications by class
[  0.   0.   0.   0.   2.   8.  36.  57.  77. 113. 102.  74.  31.  15.
  15.  22.   7.   9.   2.   3.   3.   2.   2.   1.   0.   0.   0.   2.
   0.   1.]
[0 0 0 0 0 0 0 0 0 0 0 0 0 0 0 0 0 0 0 0 0 0 0 0 0 0 0 0 0 0]
[0 0 0 0 0 0 0 0 0 0 0 0 0 0 0 0 0 0 0 0 0 0 0 0 0 0 0 0 0 0]
[0 0 0 0 0 0 0 0 0 0 0 0 0 0 0 0 0 0 0 0 0 0 0 0 0 0 0 0 0 0]
[0 0 0 0 2 0 0 1 0 0 0 0 0 0 0 0 0 0 0 0 0 0 0 0 0 0 0 0 0 0]
[0 0 0 0 5 1 0 0 0 0 0 0 0 0 0 0 0 0 0 0 0 0 0 0 0 0 0 0 0 0]
[0 0 0 0 4 2 4 7 0 0 0 0 0 0 0 0 0 0 0 0 0 0 0 0 0 0 0 0 0 0]
[ 0  0  0  0  2  5  7 14  2  1  1  0  0  0  0  0  0  0  0  0  0  0  0  0
  0  0  0  0  0  0]
[ 0  0  0  0  0  1  2 11  9  9  1  0  0  0  0  0  0  0  0  0  0  0  0  0
  0  0  0  0  0  0]
[ 0  0  0  0  0  1  2 11 13 16 17  2  0  0  0  0  0  0  0  0  0  0  0  0
  0  0  0  0  0  0]
[ 0  0  0  0  0  0  0  7 10 26 11  5  4  0  0  0  0  0  0  0  0  0  0  0
  0  0  0  0  0  0]
[ 0  0  0  0  0  0  0  1  7 20 22  8  2  0  0  0  0  0  0  0  0  0  0  0
  0  0  0  0  0  0]
[ 0  0  0  0  0  0  0  1  0 10 23 11  4  0  0  0  0  0  0  0  0  0  0  0
  0  0  0  0  0  0]
[0 0 0 0 0 0 0 1 1 5 5 4 1 1 2 0 1 0 0 0 0 0 0 0 0 0 0 0 0 0]
[0 0 0 0 0 0 0 0 2 3 4 5 3 1 0 0 0 0 0 0 0 0 0 0 0 0 0 0 0 0]
[0 0 0 0 0 0 0 0 0 0 3 4 2 0 0 0 1 0 0 0 0 0 0 0 0 0 0 0 0 0]
[0 0 0 0 0 0 0 0 0 1 6 2 0 0 0 1 1 0 0 0 0 0 0 0 0 0 0 0 0 0]
[0 0 0 0 0 0 0 0 0 1 2 1 1 0 0 0 1 0 0 0 0 0 0 0 0 0 0 0 0 0]
[0 0 0 0 0 0 0 0 0 0 0 5 1 0 0 3 0 0 0 0 0 0 0 0 0 0 0 0 0 0]
[0 0 0 0 0 0 0 0 1 2 2 0 1 0 0 2 0 0 0 0 0 0 0 0 0 0 0 0 0 0]
[0 0 0 0 0 0 0 0 0 1 0 2 0 0 0 0 0 0 0 0 0 0 0 0 0 0 0 0 0 0]
[0 0 0 0 0 0 0 0 0 0 1 0 1 1 0 0 0 0 0 0 0 0 0 0 0 0 0 0 0 0]
[0 0 0 0 0 0 0 0 0 0 0 0 1 0 0 0 1 0 0 0 0 0 0 0 0 0 0 0 0 0]
[0 0 0 0 0 0 0 0 0 0 0 0 1 0 0 0 0 0 0 0 0 0 0 0 0 0 0 0 0 0]
[0 0 0 0 0 0 0 0 0 0 0 0 0 0 0 0 0 0 0 0 0 0 0 0 0 0 0 0 0 0]
[0 0 0 0 0 0 0 0 0 0 0 0 0 0 0 0 0 0 0 0 0 0 0 0 0 0 0 0 0 0]
[0 0 0 0 0 0 0 0 0 0 1 0 0 0 0 0 0 0 0 0 0 0 0 0 0 0 0 0 0 0]
[0 0 0 0 0 0 0 0 0 0 0 0 0 0 0 0 0 0 0 0 0 0 0 0 0 0 0 0 0 0]
[0 0 0 0 0 0 0 0 0 0 0 0 0 0 0 0 0 0 0 0 0 0 0 0 0 0 0 0 0 0]
[0 0 0 0 0 0 0 0 0 0 0 0 0 0 0 0 0 0 0 0 0 0 0 0 0 0 0 0 0 0]
[0 0 0 0 0 0 0 0 0 0 0 0 0 0 0 0 0 0 0 0 0 0 0 0 0 0 0 0 0 0]
error
Error:
[0.         0.         0.         1.         0.47368421 0.85185185
 0.70212766 0.74712644 0.75700935 0.67088608 0.72327044 0.7755102
 0.95348837 0.9047619  1.         0.88235294 0.81818182 1.
 1.         1.         1.         1.         1.         0.
 0.         1.         0.         0.         0.         0.        ]
Precision:
[0.         0.         0.         0.         0.83333333 0.11764706
 0.21875    0.33333333 0.20967742 0.41269841 0.36666667 0.2244898
 0.04761905 0.05555556 0.         0.09090909 0.16666667 0.
 0.         0.         0.         0.         0.         0.
 0.         0.         0.         0.         0.         0.        ]
Recall:
[0.         0.         0.         0.         0.38461538 0.2
 0.46666667 0.2037037  0.28888889 0.27368421 0.22222222 0.2244898
 0.04545455 0.33333333 0.         0.16666667 0.2        0.
 0.         0.         0.         0.         0.         0.
 0.         0.         0.         0.         0.         0.        ]
Correct classifications by class:
[ 0.  0.  0.  0.  5.  2.  7. 11. 13. 26. 22. 11.  1.  1.  0.  1.  1.  0.
  0.  0.  0.  0.  0.  0.  0.  0.  0.  0.  0.  0.]
Incorrect classifications by class
[  0.   0.   0.   3.   9.  23.  33.  65.  81. 106. 115.  76.  41.  19.
  12.  15.   9.   9.   8.   3.   3.   2.   1.   0.   0.   1.   0.   0.
   0.   0.]
[0 0 0 0 0 0 0 0 0 0 0 0 0 0 0 0 0 0 0 0 0 0 0 0 0 0 0 0 0 0]
[0 0 0 0 0 0 0 0 0 0 0 0 0 0 0 0 0 0 0 0 0 0 0 0 0 0 0 0 0 0]
[0 0 0 0 0 0 0 0 0 0 0 0 0 0 0 0 0 0 0 0 0 0 0 0 0 0 0 0 0 0]
[0 0 0 0 2 2 0 0 0 0 0 0 0 0 0 0 0 0 0 0 0 0 0 0 0 0 0 0 0 0]
[0 0 0 0 3 2 0 1 0 0 0 0 0 0 0 0 0 0 0 0 0 0 0 0 0 0 0 0 0 0]
[0 0 0 0 2 1 1 2 0 0 0 0 0 0 0 0 0 0 0 0 0 0 0 0 0 0 0 0 0 0]
[ 0  0  0  0  2  2  2 14  3  0  0  0  0  0  0  0  0  0  0  0  0  0  0  0
  0  0  0  0  0  0]
[ 0  0  0  0  0  0  7 18  9  5  1  0  0  0  0  0  0  0  0  0  0  0  0  0
  0  0  0  0  0  0]
[ 0  0  0  0  0  0  5  7 14 19  9  3  0  0  0  1  0  0  0  0  0  0  0  0
  0  0  0  0  0  0]
[ 0  0  0  0  0  0  1  8 12 18 14  4  1  0  0  1  0  0  0  0  0  0  0  0
  0  0  0  0  0  0]
[ 0  0  0  0  0  0  0  2  7 19 15  9  2  1  0  0  0  0  0  0  0  0  0  0
  0  0  0  0  0  0]
[ 0  0  0  0  0  0  0  3  0 17 18 13  0  1  1  0  0  0  0  0  0  0  0  0
  0  0  0  0  0  0]
[0 0 0 0 0 0 0 0 1 5 9 8 5 1 0 1 1 0 0 0 0 0 0 0 0 0 0 0 0 0]
[0 0 0 0 0 0 0 0 1 3 9 2 2 0 0 0 1 0 0 0 0 0 0 0 0 0 0 0 0 0]
[0 0 0 0 0 0 0 0 1 0 5 2 4 1 0 1 1 0 0 0 0 0 0 0 0 0 0 0 0 0]
[0 0 0 0 0 0 0 0 0 3 6 1 1 1 0 0 0 0 0 0 0 0 0 0 0 0 0 0 0 0]
[0 0 0 0 0 0 0 0 0 1 1 1 2 0 0 1 0 0 0 0 0 0 0 0 0 0 0 0 0 0]
[0 0 0 0 0 0 0 0 0 1 6 2 1 1 0 0 0 0 0 0 0 0 0 0 0 0 0 0 0 0]
[0 0 0 0 0 0 0 0 0 1 0 0 0 1 0 0 1 0 0 0 0 0 0 0 0 0 0 0 0 0]
[0 0 0 0 0 0 0 0 0 0 0 5 1 1 0 0 0 1 0 0 0 0 0 0 0 0 0 0 0 0]
[0 0 0 0 0 0 0 0 0 0 2 1 0 0 1 1 0 0 0 0 0 0 0 0 0 0 0 0 0 0]
[0 0 0 0 0 0 0 0 0 0 0 0 0 0 0 0 0 0 0 0 0 0 0 0 0 0 0 0 0 0]
[0 0 0 0 0 0 0 0 0 0 0 0 0 0 0 0 0 0 0 0 0 0 0 0 0 0 0 0 0 0]
[0 0 0 0 0 0 0 0 0 0 0 0 1 0 0 0 1 0 0 0 0 0 0 0 0 0 0 0 0 0]
[0 0 0 0 0 0 0 0 0 0 0 0 0 0 0 0 0 0 0 0 0 0 0 0 0 0 0 0 0 0]
[0 0 0 0 0 0 0 0 0 0 0 0 0 0 0 0 0 0 0 0 0 0 0 0 0 0 0 0 0 0]
[0 0 0 0 0 0 0 0 0 0 0 0 0 0 0 0 0 0 0 0 0 0 0 0 0 0 0 0 0 0]
[0 0 0 0 0 0 0 0 0 0 0 1 0 0 0 0 0 0 0 0 0 0 0 0 0 0 0 0 0 0]
[0 0 0 0 0 0 0 0 0 0 0 0 0 0 0 0 0 0 0 0 0 0 0 0 0 0 0 0 0 0]
[0 0 0 0 0 0 0 0 0 0 0 1 0 0 0 0 0 0 0 0 0 0 0 0 0 0 0 0 0 0]
error
Error:
[0.         0.         0.         1.         0.6        0.84615385
 0.8974359  0.62105263 0.73584906 0.7615894  0.8        0.75471698
 0.80392157 1.         1.         1.         1.         1.
 1.         1.         1.         0.         0.         1.
 0.         0.         0.         1.         0.         1.        ]
Precision:
[0.         0.         0.         0.         0.5        0.16666667
 0.08695652 0.45       0.24137931 0.30508475 0.27272727 0.24528302
 0.16129032 0.         0.         0.         0.         0.
 0.         0.         0.         0.         0.         0.
 0.         0.         0.         0.         0.         0.        ]
Recall:
[0.         0.         0.         0.         0.33333333 0.14285714
 0.125      0.32727273 0.29166667 0.19565217 0.15789474 0.24528302
 0.25       0.         0.         0.         0.         0.
 0.         0.         0.         0.         0.         0.
 0.         0.         0.         0.         0.         0.        ]
Correct classifications by class:
[ 0.  0.  0.  0.  3.  1.  2. 18. 14. 18. 15. 13.  5.  0.  0.  0.  0.  0.
  0.  0.  0.  0.  0.  0.  0.  0.  0.  0.  0.  0.]
Incorrect classifications by class
[  0.   0.   0.   4.   9.  11.  35.  59.  78. 115. 120.  80.  41.  26.
  17.  18.  11.  12.   3.   8.   5.   0.   0.   2.   0.   0.   0.   1.
   0.   1.]
[0 0 0 0 0 0 0 0 0 0 0 0 0 0 0 0 0 0 0 0 0 0 0 0 0 0 0 0 0 0]
[0 0 0 0 0 0 0 0 0 0 0 0 0 0 0 0 0 0 0 0 0 0 0 0 0 0 0 0 0 0]
[0 0 0 0 0 0 0 0 0 0 0 0 0 0 0 0 0 0 0 0 0 0 0 0 0 0 0 0 0 0]
[0 0 0 0 2 0 0 0 0 0 0 0 0 0 0 0 0 0 0 0 0 0 0 0 0 0 0 0 0 0]
[0 0 0 0 3 3 0 1 0 0 0 0 0 0 0 0 0 0 0 0 0 0 0 0 0 0 0 0 0 0]
[0 0 0 0 4 5 5 0 0 0 0 0 0 0 0 0 0 0 0 0 0 0 0 0 0 0 0 0 0 0]
[0 0 0 0 0 6 3 7 0 1 1 0 0 0 0 0 0 0 0 0 0 0 0 0 0 0 0 0 0 0]
[ 0  0  0  0  0  0  7 14  3  5  1  1  0  0  0  0  0  0  0  0  0  0  0  0
  0  0  0  0  0  0]
[ 0  0  0  0  0  0  5  5 22 23  9  0  1  0  0  0  0  0  0  0  0  0  0  0
  0  0  0  0  0  0]
[ 0  0  0  0  0  0  1  7 10 32 13 10  3  0  0  0  0  0  0  0  0  0  0  0
  0  0  0  0  0  0]
[ 0  0  0  0  0  0  1  1  6 16 17  9  1  0  0  0  0  0  0  0  0  0  0  0
  0  0  0  0  0  0]
[ 0  0  0  0  0  0  0  2  5 10 17 11  1  0  0  1  0  0  0  0  0  0  0  0
  0  0  0  0  0  0]
[ 0  0  0  0  0  0  0  0  3 10 10  7  1  1  0  2  1  0  0  0  0  0  0  0
  0  0  0  0  0  0]
[0 0 0 0 0 0 0 2 0 3 7 9 2 3 0 1 0 0 0 0 0 0 0 0 0 0 0 0 0 0]
[0 0 0 0 0 0 0 0 1 2 4 3 0 0 0 1 0 0 0 0 0 0 0 0 0 0 0 0 0 0]
[0 0 0 0 0 0 0 0 1 2 1 2 0 1 0 0 0 0 0 0 0 0 0 0 0 0 0 0 0 0]
[0 0 0 0 0 0 0 0 0 2 3 2 0 0 0 1 1 0 0 0 0 0 0 0 0 0 0 0 0 0]
[0 0 0 0 0 0 0 0 0 1 4 2 0 0 0 0 0 0 0 0 0 0 0 0 0 0 0 0 0 0]
[0 0 0 0 0 0 0 0 0 0 0 0 0 0 0 0 0 0 0 0 0 0 0 0 0 0 0 0 0 0]
[0 0 0 0 0 0 0 0 0 1 0 0 0 0 0 1 0 0 0 0 0 0 0 0 0 0 0 0 0 0]
[0 0 0 0 0 0 0 0 0 0 2 0 0 1 0 1 0 0 0 0 0 0 0 0 0 0 0 0 0 0]
[0 0 0 0 0 0 0 0 0 0 0 0 0 0 0 0 0 0 0 0 0 0 0 0 0 0 0 0 0 0]
[0 0 0 0 0 0 0 0 0 0 0 0 1 0 0 0 0 0 0 0 0 0 0 0 0 0 0 0 0 0]
[0 0 0 0 0 0 0 0 0 0 0 0 0 2 0 1 0 0 0 0 0 0 0 0 0 0 0 0 0 0]
[0 0 0 0 0 0 0 0 0 0 0 0 0 0 0 0 0 0 0 0 0 0 0 0 0 0 0 0 0 0]
[0 0 0 0 0 0 0 0 0 0 0 0 0 0 0 0 0 0 0 0 0 0 0 0 0 0 0 0 0 0]
[0 0 0 0 0 0 0 0 0 0 0 0 0 0 0 0 0 0 0 0 0 0 0 0 0 0 0 0 0 0]
[0 0 0 0 0 0 0 0 0 0 0 0 0 0 0 0 0 0 0 0 0 0 0 0 0 0 0 0 0 0]
[0 0 0 0 0 0 0 0 0 0 0 0 0 0 0 0 0 0 0 0 0 0 0 0 0 0 0 0 0 0]
[0 0 0 0 0 0 0 0 0 0 0 0 0 0 0 0 0 0 0 0 0 0 0 0 0 0 0 0 0 0]
error
Error:
[0.         0.         0.         1.         0.625      0.64285714
 0.85       0.6        0.62068966 0.65217391 0.75714286 0.78640777
 0.95555556 0.82857143 1.         1.         0.81818182 1.
 0.         1.         1.         0.         1.         1.
 0.         0.         0.         0.         0.         0.        ]
Precision:
[0.         0.         0.         0.         0.42857143 0.35714286
 0.16666667 0.4516129  0.33846154 0.42105263 0.33333333 0.23404255
 0.02857143 0.11111111 0.         0.         0.11111111 0.
 0.         0.         0.         0.         0.         0.
 0.         0.         0.         0.         0.         0.        ]
Recall:
[0.         0.         0.         0.         0.33333333 0.35714286
 0.13636364 0.35897436 0.43137255 0.2962963  0.19101124 0.19642857
 0.1        0.375      0.         0.         0.5        0.
 0.         0.         0.         0.         0.         0.
 0.         0.         0.         0.         0.         0.        ]
Correct classifications by class:
[ 0.  0.  0.  0.  3.  5.  3. 14. 22. 32. 17. 11.  1.  3.  0.  0.  1.  0.
  0.  0.  0.  0.  0.  0.  0.  0.  0.  0.  0.  0.]
Incorrect classifications by class
[  0.   0.   0.   2.  10.  18.  34.  42.  72. 120. 106.  81.  43.  29.
  11.  16.   9.   7.   0.   2.   4.   0.   1.   3.   0.   0.   0.   0.
   0.   0.]
[0 0 0 0 0 0 0 0 0 0 0 0 0 0 0 0 0 0 0 0 0 0 0 0 0 0 0 0 0 0]
[0 0 0 0 0 0 0 0 0 0 0 0 0 0 0 0 0 0 0 0 0 0 0 0 0 0 0 0 0 0]
[0 0 0 0 0 0 0 0 0 0 0 0 0 0 0 0 0 0 0 0 0 0 0 0 0 0 0 0 0 0]
[0 0 0 0 3 0 0 0 0 0 0 0 0 0 0 0 0 0 0 0 0 0 0 0 0 0 0 0 0 0]
[0 0 0 0 3 1 1 1 0 0 0 0 0 0 0 0 0 0 0 0 0 0 0 0 0 0 0 0 0 0]
[0 0 0 0 2 2 5 2 0 0 4 0 0 0 0 0 0 0 0 0 0 0 0 0 0 0 0 0 0 0]
[0 0 0 0 0 3 6 7 5 0 2 0 0 0 0 0 0 0 0 0 0 0 0 0 0 0 0 0 0 0]
[0 0 0 0 0 0 2 7 7 4 4 0 0 0 0 0 0 0 0 0 0 0 0 0 0 0 0 0 0 0]
[ 0  0  0  0  0  0  3 10 12 19  6  4  0  0  0  0  0  0  0  0  0  0  0  0
  0  0  0  0  0  0]
[ 0  0  0  0  0  0  0  3 15 30 14  7  1  0  0  0  0  0  0  0  0  0  0  0
  0  0  0  0  0  0]
[ 0  0  0  0  0  0  0  2  1 20 23  6  0  5  0  0  0  0  0  0  0  0  0  0
  0  0  0  0  0  0]
[ 0  0  0  0  0  0  0  1  3 18 28 10  4  1  0  0  0  1  0  0  0  0  0  0
  0  0  0  0  0  0]
[0 0 0 0 0 0 0 2 3 5 9 8 4 0 0 0 0 0 0 0 0 0 0 0 0 0 0 0 0 0]
[0 0 0 0 0 0 0 1 0 4 4 5 0 1 1 1 0 1 0 0 0 0 0 0 0 0 0 0 0 0]
[0 0 0 0 0 0 0 0 1 1 2 4 1 1 0 0 0 0 1 0 0 0 0 0 0 0 0 0 0 0]
[0 0 0 0 0 0 0 0 1 3 3 1 0 1 0 2 0 0 0 0 0 0 0 0 0 0 0 0 0 0]
[0 0 0 0 0 0 0 0 1 0 2 3 2 0 0 1 1 0 0 0 0 0 0 0 0 0 0 0 0 0]
[0 0 0 0 0 0 0 0 0 0 1 1 2 1 0 1 0 0 0 0 0 0 0 0 0 0 0 0 0 0]
[0 0 0 0 0 0 0 0 0 0 1 1 2 0 0 1 0 0 0 0 0 0 0 0 0 0 0 0 0 0]
[0 0 0 0 0 0 0 0 0 0 0 1 0 0 0 0 0 0 0 0 0 0 0 0 0 0 0 0 0 0]
[0 0 0 0 0 0 0 0 0 0 0 2 0 0 0 1 1 0 0 0 0 0 0 0 0 0 0 0 0 0]
[0 0 0 0 0 0 0 0 0 0 0 0 0 0 0 0 0 0 0 0 0 0 0 0 0 0 0 0 0 0]
[0 0 0 0 0 0 0 0 0 0 0 0 0 0 0 0 0 0 0 0 0 0 0 0 0 0 0 0 0 0]
[0 0 0 0 0 0 0 0 0 0 0 0 0 0 0 0 0 0 0 0 0 0 0 0 0 0 0 0 0 0]
[0 0 0 0 0 0 0 0 0 0 0 0 0 0 0 0 0 0 0 0 0 0 0 0 0 0 0 0 0 0]
[0 0 0 0 0 0 0 0 0 0 0 0 0 0 0 0 0 0 0 0 0 0 0 0 0 0 0 0 0 0]
[0 0 0 0 0 0 0 0 0 0 0 0 0 0 0 1 0 0 0 0 0 0 0 0 0 0 0 0 0 0]
[0 0 0 0 0 0 0 0 0 0 0 1 0 0 0 0 0 0 0 0 0 0 0 0 0 0 0 0 0 0]
[0 0 0 0 0 0 0 0 0 0 0 0 0 0 0 0 0 0 0 0 0 0 0 0 0 0 0 0 0 0]
[0 0 0 0 0 0 0 0 0 0 0 0 0 0 0 0 0 0 0 0 0 0 0 0 0 0 0 0 0 0]
error
Error:
[0.         0.         0.         1.         0.57142857 0.80952381
 0.7        0.76666667 0.76699029 0.65517241 0.7125     0.83333333
 0.82978723 0.92857143 1.         0.78947368 0.83333333 1.
 1.         1.         1.         0.         0.         0.
 0.         0.         1.         1.         0.         0.        ]
Precision:
[0.         0.         0.         0.         0.5        0.13333333
 0.26086957 0.29166667 0.22222222 0.42857143 0.40350877 0.15151515
 0.12903226 0.05555556 0.         0.18181818 0.1        0.
 0.         0.         0.         0.         0.         0.
 0.         0.         0.         0.         0.         0.        ]
Recall:
[0.         0.         0.         0.         0.375      0.33333333
 0.35294118 0.19444444 0.24489796 0.28846154 0.22330097 0.18518519
 0.25       0.1        0.         0.25       0.5        0.
 0.         0.         0.         0.         0.         0.
 0.         0.         0.         0.         0.         0.        ]
Correct classifications by class:
[ 0.  0.  0.  0.  3.  2.  6.  7. 12. 30. 23. 10.  4.  1.  0.  2.  1.  0.
  0.  0.  0.  0.  0.  0.  0.  0.  0.  0.  0.  0.]
Incorrect classifications by class
[  0.   0.   0.   3.   8.  17.  28.  46.  79. 114. 114. 100.  39.  26.
  12.  15.  10.   8.   6.   1.   4.   0.   0.   0.   0.   0.   1.   1.
   0.   0.]
full set
[0 0 0 0 0 0 0 0 0 0 0 0 0 0 0 0 0 0 0 0 0 0 0 0 0 0 0 0 0 0]
[0 0 0 0 1 0 0 0 0 0 0 0 0 0 0 0 0 0 0 0 0 0 0 0 0 0 0 0 0 0]
[0 0 0 0 1 0 0 0 0 0 0 0 0 0 0 0 0 0 0 0 0 0 0 0 0 0 0 0 0 0]
[ 0  0  0  0 16  2  0  1  0  0  0  0  0  0  0  0  0  0  0  0  0  0  0  0
  0  0  0  0  0  0]
[ 0  0  0  0 33 19  1 10  0  0  0  0  0  0  0  0  0  0  0  0  0  0  0  0
  0  0  0  0  0  0]
[ 0  0  0  0 31 30 29 31  1  0  5  0  0  0  0  0  0  0  0  0  0  0  0  0
  0  0  0  0  0  0]
[  0   0   0   0   4  31  51 109  21   6  12   1   0   0   0   0   0   0
   0   0   0   0   0   0   0   0   0   0   0   0]
[  0   0   0   0   0   6  44 170  61  63  17   7   0   0   0   0   0   0
   0   0   0   0   0   0   0   0   0   0   0   0]
[  0   0   0   0   0   4  22  65 143 162  76  16   3   0   0   2   0   0
   0   0   0   0   0   0   0   0   0   0   0   0]
[  0   0   0   0   0   4   3  58 112 248 129  63  23   1   1   2   0   1
   0   0   0   0   0   0   0   0   0   0   0   0]
[  0   0   0   0   0   0   4  27  65 191 184  72  14  10   0   2   0   0
   0   0   0   0   0   0   0   0   0   0   0   0]
[  0   0   0   0   0   0   0  17  33 115 147  88  28   6   3   1   0   1
   0   0   0   0   0   0   0   0   0   0   0   0]
[ 0  0  0  0  0  0  0  8 24 77 70 56 34  9  3  8  9  0  0  0  0  0  0  0
  0  0  0  0  0  0]
[ 0  0  0  0  0  0  0  4 19 25 66 42 18 17  1 19  5  1  0  0  0  0  0  0
  0  0  0  0  0  0]
[ 0  0  0  0  0  0  0  4  5 20 43 46 14  8  0  9  3  0  1  1  0  0  0  0
  0  0  0  0  0  0]
[ 0  0  0  0  0  0  0  0 11 20 66 31 10  8  0  9  2  0  0  0  0  0  0  0
  0  0  0  0  0  0]
[ 0  0  0  0  0  0  0  0  3 17 23 21 15  4  0  5 12  0  0  0  0  0  0  0
  0  0  0  0  0  0]
[ 0  0  0  0  0  0  0  0  0  4 24 30 14  2  0  5  5  0  0  0  0  0  0  0
  0  0  0  0  0  0]
[ 0  0  0  0  0  0  0  0  3 13 11  7  6  4  0  8  1  0  0  0  0  0  0  0
  0  0  0  0  0  0]
[ 0  0  0  0  0  0  0  2  0  5  4 16  5  7  0  5  0  1  1  0  0  0  0  0
  0  0  0  0  0  0]
[ 0  0  0  0  0  0  0  0  0  1 19 13  5  3  1  4  3  0  0  0  0  0  0  0
  0  0  0  0  0  0]
[0 0 0 0 0 0 0 0 1 1 6 4 5 0 0 0 3 0 0 0 0 0 0 0 0 0 0 0 0 0]
[0 0 0 0 0 0 0 0 0 0 5 3 4 0 0 0 0 0 0 0 0 0 0 0 0 0 0 0 0 0]
[0 0 0 0 0 0 0 0 0 0 0 0 5 4 0 1 3 0 0 0 0 0 0 0 0 0 0 0 0 0]
[0 0 0 0 0 0 0 0 0 0 0 0 0 0 0 0 0 0 0 0 0 0 0 0 0 0 0 0 0 0]
[0 0 0 0 0 0 0 0 0 0 1 0 0 0 0 0 0 0 0 0 0 0 0 0 0 0 0 0 0 0]
[0 0 0 0 0 0 0 0 0 0 0 0 0 0 0 3 0 0 0 0 0 0 0 0 0 0 0 0 0 0]
[0 0 0 0 0 0 0 0 0 0 0 4 0 0 0 0 0 0 0 0 0 0 0 0 0 0 0 0 0 0]
[0 0 0 0 0 0 0 0 0 0 0 0 0 0 0 0 0 0 0 0 0 0 0 0 0 0 0 0 0 0]
[0 0 0 0 0 0 0 0 0 0 0 6 0 0 0 0 0 0 0 0 0 0 0 0 0 0 0 0 0 0]
error
Error:
[0.         1.         1.         1.         0.55704698 0.7309417
 0.7377892  0.61098398 0.71256281 0.69249845 0.75084631 0.81761658
 0.86427146 0.88666667 1.         0.925      0.83561644 1.
 1.         1.         1.         1.         1.         1.
 0.         1.         1.         1.         0.         1.        ]
Precision:
[0.         0.         0.         0.         0.52380952 0.23622047
 0.21702128 0.46195652 0.29006085 0.38449612 0.32337434 0.20045558
 0.11409396 0.07834101 0.         0.05732484 0.12       0.
 0.         0.         0.         0.         0.         0.
 0.         0.         0.         0.         0.         0.        ]
Recall:
[0.         0.         0.         0.         0.38372093 0.3125
 0.33116883 0.33596838 0.28486056 0.25619835 0.20264317 0.16730038
 0.16748768 0.20481928 0.         0.10843373 0.26086957 0.
 0.         0.         0.         0.         0.         0.
 0.         0.         0.         0.         0.         0.        ]
Correct classifications by class:
[  0.   0.   0.   0.  33.  30.  51. 170. 143. 248. 184.  88.  34.  17.
   0.   9.  12.   0.   0.   0.   0.   0.   0.   0.   0.   0.   0.   0.
   0.   0.]
Incorrect classifications by class
[0.000e+00 1.000e+00 1.000e+00 1.900e+01 8.300e+01 1.630e+02 2.870e+02
 5.340e+02 7.090e+02 1.117e+03 1.109e+03 7.890e+02 4.330e+02 2.660e+02
 1.630e+02 2.220e+02 1.220e+02 8.800e+01 5.500e+01 4.700e+01 4.900e+01
 2.000e+01 1.200e+01 1.300e+01 0.000e+00 1.000e+00 3.000e+00 4.000e+00
 0.000e+00 6.000e+00]
done!
