bad news bears
Classification Datasets:
Abalone
column  1 has been normalized
0  =  M
1  =  F
2  =  I
1
Iteration 1
Iteration 1
Iteration 1
Iteration 1
Iteration 1
Iteration 1
Iteration 1
Iteration 1
Iteration 1
Iteration 1
Iteration 1
Iteration 1
Iteration 1
Iteration 1
Iteration 1
Iteration 1
Iteration 1
Iteration 1
Iteration 1
Iteration 1
Iteration 1
Iteration 1
Iteration 1
Iteration 1
Iteration 1
Iteration 1
Iteration 1
Iteration 1
Iteration 1
Iteration 1
Base KNN:
error
Error:
[0.         1.         1.         0.93939394 0.68965517 0.75
 0.75793651 0.75429975 0.76277056 0.75560376 0.75238095 0.77428852
 0.87992495 0.90792839 0.96638655 0.96774194 0.90977444 0.83050847
 0.89473684 1.         1.         1.         1.         0.88235294
 1.         1.         1.         1.         0.         1.        ]
Precision:
[0.         0.         0.         0.06666667 0.31578947 0.23478261
 0.23552124 0.25575448 0.24119718 0.24528302 0.24605678 0.23613963
 0.11985019 0.08866995 0.03174603 0.02912621 0.08955224 0.17241379
 0.0952381  0.         0.         0.         0.         0.11111111
 0.         0.         0.         0.         0.         0.        ]
Recall:
[0.         0.         0.         0.05555556 0.30508475 0.26732673
 0.24897959 0.23640662 0.23339012 0.24351585 0.24920128 0.21616541
 0.12030075 0.09574468 0.03571429 0.03614458 0.09090909 0.16666667
 0.11764706 0.         0.         0.         0.         0.125
 0.         0.         0.         0.         0.         0.        ]
Correct classifications by class:
[  0.   0.   0.   1.  18.  27.  61. 100. 137. 169. 156. 115.  32.  18.
   4.   3.   6.  10.   4.   0.   0.   0.   0.   1.   0.   0.   0.   0.
   0.   0.]
Incorrect classifications by class
[0.000e+00 1.000e+00 1.000e+00 3.100e+01 8.000e+01 1.620e+02 3.820e+02
 6.140e+02 8.810e+02 1.045e+03 9.480e+02 7.890e+02 4.690e+02 3.550e+02
 2.300e+02 1.800e+02 1.210e+02 9.800e+01 6.800e+01 6.300e+01 5.500e+01
 2.300e+01 9.000e+00 1.500e+01 3.000e+00 1.000e+00 3.000e+00 2.000e+00
 0.000e+00 1.000e+00]
None
Edited KNN:
error
Error:
[0.         1.         1.         0.89189189 0.70642202 0.75784753
 0.7443609  0.76123235 0.76740238 0.7593985  0.77677225 0.80522088
 0.87060998 0.90074442 0.97247706 0.96875    0.91044776 0.85585586
 0.91891892 1.         1.         1.         1.         0.78947368
 1.         1.         1.         1.         0.         1.        ]
Precision:
[0.         0.         0.         0.13333333 0.28070175 0.23478261
 0.26254826 0.23785166 0.24119718 0.23222061 0.23343849 0.19917864
 0.13108614 0.09852217 0.02380952 0.02912621 0.08955224 0.13793103
 0.07142857 0.         0.         0.         0.         0.22222222
 0.         0.         0.         0.         0.         0.        ]
Recall:
[0.         0.         0.         0.09090909 0.30769231 0.25
 0.24908425 0.23969072 0.22459016 0.24960998 0.21387283 0.19056974
 0.12773723 0.1        0.0326087  0.03370787 0.08955224 0.1509434
 0.09375    0.         0.         0.         0.         0.2
 0.         0.         0.         0.         0.         0.        ]
Correct classifications by class:
[  0.   0.   0.   2.  16.  27.  68.  93. 137. 160. 148.  97.  35.  20.
   3.   3.   6.   8.   3.   0.   0.   0.   0.   2.   0.   0.   0.   0.
   0.   0.]
Incorrect classifications by class
[0.00e+00 1.00e+00 1.00e+00 3.30e+01 7.70e+01 1.69e+02 3.96e+02 5.93e+02
 9.04e+02 1.01e+03 1.03e+03 8.02e+02 4.71e+02 3.63e+02 2.12e+02 1.86e+02
 1.22e+02 9.50e+01 6.80e+01 5.80e+01 5.20e+01 2.20e+01 9.00e+00 1.50e+01
 2.00e+00 1.00e+00 3.00e+00 2.00e+00 0.00e+00 1.00e+00]
None
Condensed KNN:
error
Error:
[0.         1.         1.         1.         1.         1.
 0.94674556 1.         0.81668496 0.87353207 0.87630828 0.86384266
 1.         0.95169082 1.         1.         1.         1.
 1.         1.         1.         1.         1.         1.
 1.         1.         1.         1.         0.         1.        ]
Precision:
[0.         0.         0.         0.         0.         0.
 0.06949807 0.         0.29401408 0.10159652 0.10252366 0.18480493
 0.         0.07389163 0.         0.         0.         0.
 0.         0.         0.         0.         0.         0.
 0.         0.         0.         0.         0.         0.        ]
Recall:
[0.         0.         0.         0.         0.         0.
 0.04316547 0.         0.13317384 0.16746411 0.1558753  0.10778443
 0.         0.03588517 0.         0.         0.         0.
 0.         0.         0.         0.         0.         0.
 0.         0.         0.         0.         0.         0.        ]
Correct classifications by class:
[  0.   0.   0.   0.   0.   0.  18.   0. 167.  70.  65.  90.   0.  15.
   0.   0.   0.   0.   0.   0.   0.   0.   0.   0.   0.   0.   0.   0.
   0.   0.]
Incorrect classifications by class
[0.000e+00 1.000e+00 1.000e+00 4.330e+02 5.700e+01 1.150e+02 6.400e+02
 3.910e+02 1.488e+03 9.670e+02 9.210e+02 1.142e+03 2.670e+02 5.910e+02
 1.260e+02 1.030e+02 6.700e+01 5.800e+01 4.200e+01 3.200e+01 2.600e+01
 1.400e+01 6.000e+00 9.000e+00 2.000e+00 1.000e+00 1.000e+00 2.000e+00
 0.000e+00 1.000e+00]
None
C Means:
error
Error:
[0.         1.         1.         1.         1.         1.
 1.         1.         0.96119403 0.79559118 0.73410405 0.87266553
 0.98039216 1.         1.         0.98684211 1.         1.
 1.         1.         1.         1.         1.         1.
 1.         1.         1.         1.         0.         1.        ]
Precision:
[0.         0.         0.         0.         0.         0.
 0.         0.         0.02288732 0.3701016  0.39905363 0.15400411
 0.01123596 0.         0.         0.00970874 0.         0.
 0.         0.         0.         0.         0.         0.
 0.         0.         0.         0.         0.         0.        ]
Recall:
[0.         0.         0.         0.         0.         0.
 0.         0.         0.12745098 0.14119601 0.19936958 0.10853835
 0.07692308 0.         0.         0.02040816 0.         0.
 0.         0.         0.         0.         0.         0.
 0.         0.         0.         0.         0.         0.        ]
Correct classifications by class:
[  0.   0.   0.   0.   0.   0.   0.   0.  13. 255. 253.  75.   3.   0.
   0.   1.   0.   0.   0.   0.   0.   0.   0.   0.   0.   0.   0.   0.
   0.   0.]
Incorrect classifications by class
[0.000e+00 1.000e+00 1.000e+00 1.500e+01 5.700e+01 1.150e+02 2.590e+02
 3.910e+02 6.440e+02 1.985e+03 1.397e+03 1.028e+03 3.000e+02 2.030e+02
 2.540e+02 1.500e+02 6.700e+01 5.800e+01 6.000e+01 1.070e+02 2.600e+01
 1.400e+01 6.000e+00 9.000e+00 2.000e+00 1.000e+00 1.000e+00 2.000e+00
 0.000e+00 1.000e+00]
None
PAM:
error
Error:
[0.         1.         1.         0.93939394 0.68965517 0.75
 0.75793651 0.75429975 0.76277056 0.75560376 0.75238095 0.77428852
 0.87992495 0.90792839 0.96638655 0.96774194 0.90977444 0.83050847
 0.89473684 1.         1.         1.         1.         0.88235294
 1.         1.         1.         1.         0.         1.        ]
Precision:
[0.         0.         0.         0.06666667 0.31578947 0.23478261
 0.23552124 0.25575448 0.24119718 0.24528302 0.24605678 0.23613963
 0.11985019 0.08866995 0.03174603 0.02912621 0.08955224 0.17241379
 0.0952381  0.         0.         0.         0.         0.11111111
 0.         0.         0.         0.         0.         0.        ]
Recall:
[0.         0.         0.         0.05555556 0.30508475 0.26732673
 0.24897959 0.23640662 0.23339012 0.24351585 0.24920128 0.21616541
 0.12030075 0.09574468 0.03571429 0.03614458 0.09090909 0.16666667
 0.11764706 0.         0.         0.         0.         0.125
 0.         0.         0.         0.         0.         0.        ]
Correct classifications by class:
[  0.   0.   0.   1.  18.  27.  61. 100. 137. 169. 156. 115.  32.  18.
   4.   3.   6.  10.   4.   0.   0.   0.   0.   1.   0.   0.   0.   0.
   0.   0.]
Incorrect classifications by class
[0.000e+00 1.000e+00 1.000e+00 3.100e+01 8.000e+01 1.620e+02 3.820e+02
 6.140e+02 8.810e+02 1.045e+03 9.480e+02 7.890e+02 4.690e+02 3.550e+02
 2.300e+02 1.800e+02 1.210e+02 9.800e+01 6.800e+01 6.300e+01 5.500e+01
 2.300e+01 9.000e+00 1.500e+01 3.000e+00 1.000e+00 3.000e+00 2.000e+00
 0.000e+00 1.000e+00]
None
