bad news bears
0
Classification Datasets:
Abalone
column  1 has been normalized
0  =  M
1  =  F
2  =  I
1
Iteration 1
Iteration 1
Iteration 1
Iteration 1
Iteration 1
Iteration 1
Iteration 1
Iteration 1
Iteration 1
Iteration 1
Iteration 1
Iteration 1
Iteration 1
Iteration 1
Iteration 1
Iteration 1
Iteration 1
Iteration 1
Iteration 1
Iteration 1
Iteration 1
Iteration 1
Iteration 1
Iteration 1
Iteration 1
Iteration 1
Iteration 1
Iteration 1
Iteration 1
Iteration 1
Base KNN:
error
Error:
[0.         1.         1.         0.49019608 0.48031496 0.39694656
 0.40757238 0.33019976 0.44869215 0.46677342 0.47198481 0.43237251
 0.42564103 0.4173913  0.36543909 0.47407407 0.33668342 0.51388889
 0.43589744 0.37588652 0.45238095 0.43589744 0.26666667 0.33333333
 0.         0.         1.         1.         0.         0.        ]
Precision:
[0.         0.         0.         0.56521739 0.52380952 0.63709677
 0.58333333 0.70197044 0.57442348 0.55592654 0.50915751 0.55531453
 0.56       0.54693878 0.62569832 0.5        0.68041237 0.47945205
 0.48888889 0.65671642 0.54761905 0.52380952 0.61111111 0.58333333
 0.         0.         0.         0.         0.         1.        ]
Recall:
[0.         0.         0.         0.46428571 0.515625   0.57246377
 0.60180995 0.64044944 0.52998066 0.51230769 0.54832347 0.58049887
 0.58947368 0.62325581 0.64367816 0.5546875  0.64705882 0.49295775
 0.66666667 0.59459459 0.54761905 0.61111111 0.91666667 0.77777778
 0.         0.         0.         0.         0.         1.        ]
Correct classifications by class:
[  0.   0.   0.  13.  33.  79. 133. 285. 274. 333. 278. 256. 168. 134.
 112.  71.  66.  35.  22.  44.  23.  11.  11.   7.   0.   0.   0.   0.
   0.   3.]
Incorrect classifications by class
[  0.   2.   1.  25.  61. 104. 183. 281. 446. 583. 497. 390. 249. 192.
 129. 128.  67.  74.  34.  53.  38.  17.   8.   7.   0.   0.   1.   2.
   0.   0.]
None
Edited KNN:
error
Error:
[0.         1.         1.         0.56521739 0.48760331 0.3902439
 0.45199063 0.36744186 0.4880829  0.46192053 0.48190476 0.44820065
 0.45367412 0.45454545 0.37677054 0.50175439 0.35643564 0.51388889
 0.45679012 0.38888889 0.47727273 0.46341463 0.29032258 0.39130435
 0.         0.         1.         1.         0.         0.        ]
Precision:
[0.         0.         0.         0.43478261 0.49206349 0.60483871
 0.51315789 0.66995074 0.51781971 0.54257095 0.4981685  0.54880694
 0.57       0.53877551 0.61452514 0.5        0.67010309 0.47945205
 0.48888889 0.65671642 0.54761905 0.52380952 0.61111111 0.58333333
 0.         0.         0.         0.         0.         1.        ]
Recall:
[0.         0.         0.         0.43478261 0.53448276 0.6147541
 0.5879397  0.59911894 0.50614754 0.53366174 0.53968254 0.55482456
 0.52453988 0.55230126 0.63218391 0.4965035  0.61904762 0.49295775
 0.61111111 0.57142857 0.5        0.55       0.84615385 0.63636364
 0.         0.         0.         0.         0.         1.        ]
Correct classifications by class:
[  0.   0.   0.  10.  31.  75. 117. 272. 247. 325. 272. 253. 171. 132.
 110.  71.  65.  35.  22.  44.  23.  11.  11.   7.   0.   0.   0.   0.
   0.   3.]
Incorrect classifications by class
[  0.   2.   1.  26.  59.  96. 193. 316. 471. 558. 506. 411. 284. 220.
 133. 143.  72.  74.  37.  56.  42.  19.   9.   9.   0.   0.   1.   2.
   0.   0.]
None
Condensed KNN:
error
Error:
[0.         1.         1.         0.76470588 0.74193548 0.77868852
 0.75       0.7011259  0.71619366 0.73985834 0.80355472 0.83477189
 0.83050847 0.79005525 0.85964912 0.85454545 0.93043478 0.97530864
 0.96       0.86516854 1.         1.         1.         0.84615385
 0.         0.         1.         1.         0.         1.        ]
Precision:
[0.         0.         0.         0.34782609 0.38095238 0.21774194
 0.28508772 0.35960591 0.35639413 0.33722871 0.19230769 0.14533623
 0.13333333 0.15510204 0.08938547 0.11267606 0.04123711 0.01369863
 0.02222222 0.08955224 0.         0.         0.         0.08333333
 0.         0.         0.         0.         0.         0.        ]
Recall:
[0.         0.         0.         0.17777778 0.19512195 0.225
 0.22260274 0.25569177 0.23578363 0.21174004 0.20076482 0.19142857
 0.23255814 0.32478632 0.32653061 0.20512821 0.22222222 0.125
 0.2        0.27272727 0.         0.         0.         1.
 0.         0.         0.         0.         0.         0.        ]
Correct classifications by class:
[  0.   0.   0.   8.  24.  27.  65. 146. 170. 202. 105.  67.  40.  38.
  16.  16.   4.   1.   1.   6.   0.   0.   0.   1.   0.   0.   0.   0.
   0.   0.]
Incorrect classifications by class
[0.000e+00 2.000e+00 1.000e+00 5.200e+01 1.380e+02 1.900e+02 3.900e+02
 6.850e+02 8.580e+02 1.149e+03 8.590e+02 6.770e+02 3.920e+02 2.860e+02
 1.960e+02 1.880e+02 1.070e+02 7.900e+01 4.800e+01 7.700e+01 4.900e+01
 2.100e+01 1.900e+01 1.100e+01 0.000e+00 0.000e+00 1.000e+00 2.000e+00
 0.000e+00 3.000e+00]
None
C Means:
error
Error:
[0.         1.         1.         0.72       0.55555556 0.48245614
 0.56779661 0.45516459 0.60606061 0.61350211 0.63770795 0.5704388
 0.60189573 0.64241164 0.69767442 0.65185185 0.63451777 0.62857143
 0.63380282 0.54929577 0.61038961 0.52380952 0.51351351 1.
 0.         0.         1.         1.         0.         1.        ]
Precision:
[0.         0.         0.         0.30434783 0.47619048 0.47580645
 0.44736842 0.591133   0.40880503 0.38230384 0.35897436 0.40347072
 0.42       0.35102041 0.29050279 0.33098592 0.37113402 0.35616438
 0.28888889 0.47761194 0.35714286 0.47619048 0.5        0.
 0.         0.         0.         0.         0.         0.        ]
Recall:
[0.         0.         0.         0.25925926 0.41666667 0.56730769
 0.41803279 0.50526316 0.38011696 0.39078498 0.36567164 0.45925926
 0.37837838 0.36440678 0.31515152 0.3671875  0.36       0.3880597
 0.5        0.42666667 0.42857143 0.47619048 0.47368421 0.
 0.         0.         0.         0.         0.         0.        ]
Correct classifications by class:
[  0.   0.   0.   7.  30.  59. 102. 240. 195. 229. 196. 186. 126.  86.
  52.  47.  36.  26.  13.  32.  15.  10.   9.   0.   0.   0.   0.   0.
   0.   0.]
Incorrect classifications by class
[  0.   2.   1.  36.  75. 110. 268. 401. 600. 727. 690. 494. 381. 309.
 240. 176. 125.  88.  45.  78.  47.  22.  19.  18.   0.   0.   1.   2.
   0.   7.]
None
PAM:
error
Error:
[0.         1.         1.         0.49019608 0.48031496 0.39694656
 0.40757238 0.33019976 0.44869215 0.46677342 0.47198481 0.43237251
 0.42564103 0.4173913  0.36543909 0.47407407 0.33668342 0.51388889
 0.43589744 0.37588652 0.45238095 0.43589744 0.26666667 0.33333333
 0.         0.         1.         1.         0.         0.        ]
Precision:
[0.         0.         0.         0.56521739 0.52380952 0.63709677
 0.58333333 0.70197044 0.57442348 0.55592654 0.50915751 0.55531453
 0.56       0.54693878 0.62569832 0.5        0.68041237 0.47945205
 0.48888889 0.65671642 0.54761905 0.52380952 0.61111111 0.58333333
 0.         0.         0.         0.         0.         1.        ]
Recall:
[0.         0.         0.         0.46428571 0.515625   0.57246377
 0.60180995 0.64044944 0.52998066 0.51230769 0.54832347 0.58049887
 0.58947368 0.62325581 0.64367816 0.5546875  0.64705882 0.49295775
 0.66666667 0.59459459 0.54761905 0.61111111 0.91666667 0.77777778
 0.         0.         0.         0.         0.         1.        ]
Correct classifications by class:
[  0.   0.   0.  13.  33.  79. 133. 285. 274. 333. 278. 256. 168. 134.
 112.  71.  66.  35.  22.  44.  23.  11.  11.   7.   0.   0.   0.   0.
   0.   3.]
Incorrect classifications by class
[  0.   2.   1.  25.  61. 104. 183. 281. 446. 583. 497. 390. 249. 192.
 129. 128.  67.  74.  34.  53.  38.  17.   8.   7.   0.   0.   1.   2.
   0.   0.]
None
Cars
column  1 has been normalized
0  =  vhigh
1  =  high
2  =  med
3  =  low
column  2 has been normalized
0  =  vhigh
1  =  high
2  =  med
3  =  low
column  3 has been normalized
0  =  5more
column  4 has been normalized
0  =  more
column  5 has been normalized
0  =  small
1  =  med
2  =  big
column  6 has been normalized
0  =  low
1  =  med
2  =  high
column  7 has been normalized
0  =  unacc
1  =  acc
2  =  vgood
3  =  good
2
Iteration 1
Iteration 1
Iteration 1
Iteration 1
Iteration 1
Iteration 1
Iteration 1
Iteration 1
Iteration 1
Iteration 1
Iteration 1
Iteration 1
Iteration 1
Iteration 1
Iteration 1
Iteration 1
Iteration 1
Iteration 1
Iteration 1
Iteration 1
Iteration 1
Iteration 1
Iteration 1
Iteration 1
Iteration 1
Iteration 1
Iteration 1
Iteration 1
Iteration 1
Iteration 1
Base KNN:
error
Error:
[0.01758087 0.12305026 0.64705882 0.88888889 0.         0.
 0.         0.         0.         0.         0.         0.
 0.         0.         0.         0.         0.         0.
 0.         0.         0.         0.         0.         0.
 0.         0.         0.         0.         0.         0.        ]
Precision:
[0.98867657 0.86643836 0.27272727 0.08333333 0.         0.
 0.         0.         0.         0.         0.         0.
 0.         0.         0.         0.         0.         0.
 0.         0.         0.         0.         0.         0.
 0.         0.         0.         0.         0.         0.        ]
Recall:
[0.97624039 0.8877193  0.5        0.16666667 0.         0.
 0.         0.         0.         0.         0.         0.
 0.         0.         0.         0.         0.         0.
 0.         0.         0.         0.         0.         0.
 0.         0.         0.         0.         0.         0.        ]
Correct classifications by class:
[1.397e+03 2.530e+02 3.000e+00 1.000e+00 0.000e+00 0.000e+00 0.000e+00
 0.000e+00 0.000e+00 0.000e+00 0.000e+00 0.000e+00 0.000e+00 0.000e+00
 0.000e+00 0.000e+00 0.000e+00 0.000e+00 0.000e+00 0.000e+00 0.000e+00
 0.000e+00 0.000e+00 0.000e+00 0.000e+00 0.000e+00 0.000e+00 0.000e+00
 0.000e+00 0.000e+00]
Incorrect classifications by class
[50. 71. 11. 16.  0.  0.  0.  0.  0.  0.  0.  0.  0.  0.  0.  0.  0.  0.
  0.  0.  0.  0.  0.  0.  0.  0.  0.  0.  0.  0.]
None
Edited KNN:
error
Error:
[0.01758087 0.12305026 0.64705882 0.88888889 0.         0.
 0.         0.         0.         0.         0.         0.
 0.         0.         0.         0.         0.         0.
 0.         0.         0.         0.         0.         0.
 0.         0.         0.         0.         0.         0.        ]
Precision:
[0.98867657 0.86643836 0.27272727 0.08333333 0.         0.
 0.         0.         0.         0.         0.         0.
 0.         0.         0.         0.         0.         0.
 0.         0.         0.         0.         0.         0.
 0.         0.         0.         0.         0.         0.        ]
Recall:
[0.97624039 0.8877193  0.5        0.16666667 0.         0.
 0.         0.         0.         0.         0.         0.
 0.         0.         0.         0.         0.         0.
 0.         0.         0.         0.         0.         0.
 0.         0.         0.         0.         0.         0.        ]
Correct classifications by class:
[1.397e+03 2.530e+02 3.000e+00 1.000e+00 0.000e+00 0.000e+00 0.000e+00
 0.000e+00 0.000e+00 0.000e+00 0.000e+00 0.000e+00 0.000e+00 0.000e+00
 0.000e+00 0.000e+00 0.000e+00 0.000e+00 0.000e+00 0.000e+00 0.000e+00
 0.000e+00 0.000e+00 0.000e+00 0.000e+00 0.000e+00 0.000e+00 0.000e+00
 0.000e+00 0.000e+00]
Incorrect classifications by class
[50. 71. 11. 16.  0.  0.  0.  0.  0.  0.  0.  0.  0.  0.  0.  0.  0.  0.
  0.  0.  0.  0.  0.  0.  0.  0.  0.  0.  0.  0.]
None
Condensed KNN:
error
Error:
[0.33714286 0.83316378 1.         1.         0.         0.
 0.         0.         0.         0.         0.         0.
 0.         0.         0.         0.         0.         0.
 0.         0.         0.         0.         0.         0.
 0.         0.         0.         0.         0.         0.        ]
Precision:
[0.57466384 0.28082192 0.         0.         0.         0.
 0.         0.         0.         0.         0.         0.
 0.         0.         0.         0.         0.         0.
 0.         0.         0.         0.         0.         0.
 0.         0.         0.         0.         0.         0.        ]
Recall:
[0.78302797 0.1186686  0.         0.         0.         0.
 0.         0.         0.         0.         0.         0.
 0.         0.         0.         0.         0.         0.
 0.         0.         0.         0.         0.         0.
 0.         0.         0.         0.         0.         0.        ]
Correct classifications by class:
[812.  82.   0.   0.   0.   0.   0.   0.   0.   0.   0.   0.   0.   0.
   0.   0.   0.   0.   0.   0.   0.   0.   0.   0.   0.   0.   0.   0.
   0.   0.]
Incorrect classifications by class
[826. 819.  11.  12.   0.   0.   0.   0.   0.   0.   0.   0.   0.   0.
   0.   0.   0.   0.   0.   0.   0.   0.   0.   0.   0.   0.   0.   0.
   0.   0.]
None
C Means:
error
Error:
[0.01758087 0.12305026 0.64705882 0.88888889 0.         0.
 0.         0.         0.         0.         0.         0.
 0.         0.         0.         0.         0.         0.
 0.         0.         0.         0.         0.         0.
 0.         0.         0.         0.         0.         0.        ]
Precision:
[0.98867657 0.86643836 0.27272727 0.08333333 0.         0.
 0.         0.         0.         0.         0.         0.
 0.         0.         0.         0.         0.         0.
 0.         0.         0.         0.         0.         0.
 0.         0.         0.         0.         0.         0.        ]
Recall:
[0.97624039 0.8877193  0.5        0.16666667 0.         0.
 0.         0.         0.         0.         0.         0.
 0.         0.         0.         0.         0.         0.
 0.         0.         0.         0.         0.         0.
 0.         0.         0.         0.         0.         0.        ]
Correct classifications by class:
[1.397e+03 2.530e+02 3.000e+00 1.000e+00 0.000e+00 0.000e+00 0.000e+00
 0.000e+00 0.000e+00 0.000e+00 0.000e+00 0.000e+00 0.000e+00 0.000e+00
 0.000e+00 0.000e+00 0.000e+00 0.000e+00 0.000e+00 0.000e+00 0.000e+00
 0.000e+00 0.000e+00 0.000e+00 0.000e+00 0.000e+00 0.000e+00 0.000e+00
 0.000e+00 0.000e+00]
Incorrect classifications by class
[50. 71. 11. 16.  0.  0.  0.  0.  0.  0.  0.  0.  0.  0.  0.  0.  0.  0.
  0.  0.  0.  0.  0.  0.  0.  0.  0.  0.  0.  0.]
None
PAM:
error
Error:
[0.01758087 0.12305026 0.64705882 0.88888889 0.         0.
 0.         0.         0.         0.         0.         0.
 0.         0.         0.         0.         0.         0.
 0.         0.         0.         0.         0.         0.
 0.         0.         0.         0.         0.         0.        ]
Precision:
[0.98867657 0.86643836 0.27272727 0.08333333 0.         0.
 0.         0.         0.         0.         0.         0.
 0.         0.         0.         0.         0.         0.
 0.         0.         0.         0.         0.         0.
 0.         0.         0.         0.         0.         0.        ]
Recall:
[0.97624039 0.8877193  0.5        0.16666667 0.         0.
 0.         0.         0.         0.         0.         0.
 0.         0.         0.         0.         0.         0.
 0.         0.         0.         0.         0.         0.
 0.         0.         0.         0.         0.         0.        ]
Correct classifications by class:
[1.397e+03 2.530e+02 3.000e+00 1.000e+00 0.000e+00 0.000e+00 0.000e+00
 0.000e+00 0.000e+00 0.000e+00 0.000e+00 0.000e+00 0.000e+00 0.000e+00
 0.000e+00 0.000e+00 0.000e+00 0.000e+00 0.000e+00 0.000e+00 0.000e+00
 0.000e+00 0.000e+00 0.000e+00 0.000e+00 0.000e+00 0.000e+00 0.000e+00
 0.000e+00 0.000e+00]
Incorrect classifications by class
[50. 71. 11. 16.  0.  0.  0.  0.  0.  0.  0.  0.  0.  0.  0.  0.  0.  0.
  0.  0.  0.  0.  0.  0.  0.  0.  0.  0.  0.  0.]
None
Image Segmentation
column  1 has been normalized
0  =  BRICKFACE
1  =  SKY
2  =  FOLIAGE
3  =  CEMENT
4  =  WINDOW
5  =  PATH
6  =  GRASS
3
Iteration 1
Iteration 1
Iteration 1
Iteration 1
Iteration 1
Iteration 1
Iteration 1
Iteration 1
Iteration 1
Iteration 1
Iteration 1
Iteration 1
Iteration 1
Iteration 1
Iteration 1
Iteration 1
Iteration 1
Iteration 1
Iteration 1
Iteration 1
Iteration 1
Iteration 1
Iteration 1
Iteration 1
Iteration 1
Iteration 1
Iteration 1
Iteration 1
Iteration 1
Iteration 1
Base KNN:
error
Error:
[0.0718232  0.         0.075      0.2        0.52380952 0.2
 1.         0.         0.         0.         0.         0.
 0.         0.         0.         0.         0.         0.
 0.         0.         0.         0.         0.         0.
 0.         0.         0.         0.         0.         0.        ]
Precision:
[0.97674419 1.         0.90243902 0.8        0.41666667 0.66666667
 0.         0.         0.         0.         0.         0.
 0.         0.         0.         0.         0.         0.
 0.         0.         0.         0.         0.         0.
 0.         0.         0.         0.         0.         0.        ]
Recall:
[0.88421053 1.         0.94871795 0.8        0.55555556 1.
 0.         0.         0.         0.         0.         0.
 0.         0.         0.         0.         0.         0.
 0.         0.         0.         0.         0.         0.
 0.         0.         0.         0.         0.         0.        ]
Correct classifications by class:
[84. 43. 37. 16.  5.  4.  0.  0.  0.  0.  0.  0.  0.  0.  0.  0.  0.  0.
  0.  0.  0.  0.  0.  0.  0.  0.  0.  0.  0.  0.]
Incorrect classifications by class
[13.  0.  6.  8. 11.  2.  2.  0.  0.  0.  0.  0.  0.  0.  0.  0.  0.  0.
  0.  0.  0.  0.  0.  0.  0.  0.  0.  0.  0.  0.]
None
Edited KNN:
error
Error:
[0.0718232  0.         0.075      0.2        0.52380952 0.2
 1.         0.         0.         0.         0.         0.
 0.         0.         0.         0.         0.         0.
 0.         0.         0.         0.         0.         0.
 0.         0.         0.         0.         0.         0.        ]
Precision:
[0.97674419 1.         0.90243902 0.8        0.41666667 0.66666667
 0.         0.         0.         0.         0.         0.
 0.         0.         0.         0.         0.         0.
 0.         0.         0.         0.         0.         0.
 0.         0.         0.         0.         0.         0.        ]
Recall:
[0.88421053 1.         0.94871795 0.8        0.55555556 1.
 0.         0.         0.         0.         0.         0.
 0.         0.         0.         0.         0.         0.
 0.         0.         0.         0.         0.         0.
 0.         0.         0.         0.         0.         0.        ]
Correct classifications by class:
[84. 43. 37. 16.  5.  4.  0.  0.  0.  0.  0.  0.  0.  0.  0.  0.  0.  0.
  0.  0.  0.  0.  0.  0.  0.  0.  0.  0.  0.  0.]
Incorrect classifications by class
[13.  0.  6.  8. 11.  2.  2.  0.  0.  0.  0.  0.  0.  0.  0.  0.  0.  0.
  0.  0.  0.  0.  0.  0.  0.  0.  0.  0.  0.  0.]
None
Condensed KNN:
error
Error:
[0.67785235 0.77358491 0.84615385 1.         1.         1.
 1.         0.         0.         0.         0.         0.
 0.         0.         0.         0.         0.         0.
 0.         0.         0.         0.         0.         0.
 0.         0.         0.         0.         0.         0.        ]
Precision:
[0.27906977 0.27906977 0.19512195 0.         0.         0.
 0.         0.         0.         0.         0.         0.
 0.         0.         0.         0.         0.         0.
 0.         0.         0.         0.         0.         0.
 0.         0.         0.         0.         0.         0.        ]
Recall:
[0.38095238 0.19047619 0.12698413 0.         0.         0.
 0.         0.         0.         0.         0.         0.
 0.         0.         0.         0.         0.         0.
 0.         0.         0.         0.         0.         0.
 0.         0.         0.         0.         0.         0.        ]
Correct classifications by class:
[24. 12.  8.  0.  0.  0.  0.  0.  0.  0.  0.  0.  0.  0.  0.  0.  0.  0.
  0.  0.  0.  0.  0.  0.  0.  0.  0.  0.  0.  0.]
Incorrect classifications by class
[101.  82.  88.  20.  33.   6.   2.   0.   0.   0.   0.   0.   0.   0.
   0.   0.   0.   0.   0.   0.   0.   0.   0.   0.   0.   0.   0.   0.
   0.   0.]
None
C Means:
error
Error:
[0.0718232  0.         0.075      0.2        0.52380952 0.2
 1.         0.         0.         0.         0.         0.
 0.         0.         0.         0.         0.         0.
 0.         0.         0.         0.         0.         0.
 0.         0.         0.         0.         0.         0.        ]
Precision:
[0.97674419 1.         0.90243902 0.8        0.41666667 0.66666667
 0.         0.         0.         0.         0.         0.
 0.         0.         0.         0.         0.         0.
 0.         0.         0.         0.         0.         0.
 0.         0.         0.         0.         0.         0.        ]
Recall:
[0.88421053 1.         0.94871795 0.8        0.55555556 1.
 0.         0.         0.         0.         0.         0.
 0.         0.         0.         0.         0.         0.
 0.         0.         0.         0.         0.         0.
 0.         0.         0.         0.         0.         0.        ]
Correct classifications by class:
[84. 43. 37. 16.  5.  4.  0.  0.  0.  0.  0.  0.  0.  0.  0.  0.  0.  0.
  0.  0.  0.  0.  0.  0.  0.  0.  0.  0.  0.  0.]
Incorrect classifications by class
[13.  0.  6.  8. 11.  2.  2.  0.  0.  0.  0.  0.  0.  0.  0.  0.  0.  0.
  0.  0.  0.  0.  0.  0.  0.  0.  0.  0.  0.  0.]
None
PAM:
error
Error:
[0.0718232  0.         0.075      0.2        0.52380952 0.2
 1.         0.         0.         0.         0.         0.
 0.         0.         0.         0.         0.         0.
 0.         0.         0.         0.         0.         0.
 0.         0.         0.         0.         0.         0.        ]
Precision:
[0.97674419 1.         0.90243902 0.8        0.41666667 0.66666667
 0.         0.         0.         0.         0.         0.
 0.         0.         0.         0.         0.         0.
 0.         0.         0.         0.         0.         0.
 0.         0.         0.         0.         0.         0.        ]
Recall:
[0.88421053 1.         0.94871795 0.8        0.55555556 1.
 0.         0.         0.         0.         0.         0.
 0.         0.         0.         0.         0.         0.
 0.         0.         0.         0.         0.         0.
 0.         0.         0.         0.         0.         0.        ]
Correct classifications by class:
[84. 43. 37. 16.  5.  4.  0.  0.  0.  0.  0.  0.  0.  0.  0.  0.  0.  0.
  0.  0.  0.  0.  0.  0.  0.  0.  0.  0.  0.  0.]
Incorrect classifications by class
[13.  0.  6.  8. 11.  2.  2.  0.  0.  0.  0.  0.  0.  0.  0.  0.  0.  0.
  0.  0.  0.  0.  0.  0.  0.  0.  0.  0.  0.  0.]
None
