
full set
error
Error:
[0.21875    0.         0.3015873  0.25       0.44444444 0.06451613
 0.01639344 0.         0.         0.         0.         0.
 0.         0.         0.         0.         0.         0.
 0.         0.         0.         0.         0.         0.
 0.         0.         0.         0.         0.         0.        ]
Precision:
[0.83333333 1.         0.73333333 0.7        0.5        0.96666667
 1.         0.         0.         0.         0.         0.
 0.         0.         0.         0.         0.         0.
 0.         0.         0.         0.         0.         0.
 0.         0.         0.         0.         0.         0.        ]
Recall:
[0.73529412 1.         0.66666667 0.80769231 0.625      0.90625
 0.96774194 0.         0.         0.         0.         0.
 0.         0.         0.         0.         0.         0.
 0.         0.         0.         0.         0.         0.
 0.         0.         0.         0.         0.         0.        ]
Correct classifications by class:
[25. 30. 22. 21. 15. 29. 30.  0.  0.  0.  0.  0.  0.  0.  0.  0.  0.  0.
  0.  0.  0.  0.  0.  0.  0.  0.  0.  0.  0.  0.]
Incorrect classifications by class
[14.  0. 19. 14. 24.  4.  1.  0.  0.  0.  0.  0.  0.  0.  0.  0.  0.  0.
  0.  0.  0.  0.  0.  0.  0.  0.  0.  0.  0.  0.]
done!
