bad news bears
Classification Datasets:
Image Segmentation
column  1 has been normalized
0  =  BRICKFACE
1  =  SKY
2  =  FOLIAGE
3  =  CEMENT
4  =  WINDOW
5  =  PATH
6  =  GRASS
3
Iteration 1
Iteration 1
Iteration 1
Iteration 1
Iteration 1
Iteration 1
Iteration 1
Iteration 1
Iteration 1
Iteration 1
Iteration 1
Iteration 1
Iteration 1
Iteration 1
Iteration 1
Iteration 1
Iteration 1
Iteration 1
Iteration 1
Iteration 1
Iteration 1
Iteration 1
Iteration 1
Iteration 1
Iteration 1
Iteration 1
Iteration 1
Iteration 1
Iteration 1
Iteration 1
Base KNN:
error
Error:
[0.22580645 0.         0.24242424 0.20754717 0.39285714 0.06451613
 0.01639344 0.         0.         0.         0.         0.
 0.         0.         0.         0.         0.         0.
 0.         0.         0.         0.         0.         0.
 0.         0.         0.         0.         0.         0.        ]
Precision:
[0.8        1.         0.83333333 0.7        0.56666667 0.96666667
 1.         0.         0.         0.         0.         0.
 0.         0.         0.         0.         0.         0.
 0.         0.         0.         0.         0.         0.
 0.         0.         0.         0.         0.         0.        ]
Recall:
[0.75       1.         0.69444444 0.91304348 0.65384615 0.90625
 0.96774194 0.         0.         0.         0.         0.
 0.         0.         0.         0.         0.         0.
 0.         0.         0.         0.         0.         0.
 0.         0.         0.         0.         0.         0.        ]
Correct classifications by class:
[24. 30. 25. 21. 17. 29. 30.  0.  0.  0.  0.  0.  0.  0.  0.  0.  0.  0.
  0.  0.  0.  0.  0.  0.  0.  0.  0.  0.  0.  0.]
Incorrect classifications by class
[14.  0. 16. 11. 22.  4.  1.  0.  0.  0.  0.  0.  0.  0.  0.  0.  0.  0.
  0.  0.  0.  0.  0.  0.  0.  0.  0.  0.  0.  0.]
None
Edited KNN:
error
Error:
[0.46875    0.         0.35483871 0.25423729 0.44827586 0.13793103
 0.05084746 0.         0.         0.         0.         0.
 0.         0.         0.         0.         0.         0.
 0.         0.         0.         0.         0.         0.
 0.         0.         0.         0.         0.         0.        ]
Precision:
[0.56666667 1.         0.66666667 0.73333333 0.53333333 0.83333333
 0.93333333 0.         0.         0.         0.         0.
 0.         0.         0.         0.         0.         0.
 0.         0.         0.         0.         0.         0.
 0.         0.         0.         0.         0.         0.        ]
Recall:
[0.5        1.         0.625      0.75862069 0.57142857 0.89285714
 0.96551724 0.         0.         0.         0.         0.
 0.         0.         0.         0.         0.         0.
 0.         0.         0.         0.         0.         0.
 0.         0.         0.         0.         0.         0.        ]
Correct classifications by class:
[17. 30. 20. 22. 16. 25. 28.  0.  0.  0.  0.  0.  0.  0.  0.  0.  0.  0.
  0.  0.  0.  0.  0.  0.  0.  0.  0.  0.  0.  0.]
Incorrect classifications by class
[30.  0. 22. 15. 26.  8.  3.  0.  0.  0.  0.  0.  0.  0.  0.  0.  0.  0.
  0.  0.  0.  0.  0.  0.  0.  0.  0.  0.  0.  0.]
None
Condensed KNN:
error
Error:
[0.80645161 0.96078431 1.         0.91666667 0.91666667 0.84313725
 1.         0.         0.         0.         0.         0.
 0.         0.         0.         0.         0.         0.
 0.         0.         0.         0.         0.         0.
 0.         0.         0.         0.         0.         0.        ]
Precision:
[0.3        0.03333333 0.         0.1        0.1        0.13333333
 0.         0.         0.         0.         0.         0.
 0.         0.         0.         0.         0.         0.
 0.         0.         0.         0.         0.         0.
 0.         0.         0.         0.         0.         0.        ]
Recall:
[0.14285714 0.04761905 0.         0.07142857 0.07142857 0.19047619
 0.         0.         0.         0.         0.         0.
 0.         0.         0.         0.         0.         0.
 0.         0.         0.         0.         0.         0.
 0.         0.         0.         0.         0.         0.        ]
Correct classifications by class:
[9. 1. 0. 3. 3. 4. 0. 0. 0. 0. 0. 0. 0. 0. 0. 0. 0. 0. 0. 0. 0. 0. 0. 0.
 0. 0. 0. 0. 0. 0.]
Incorrect classifications by class
[75. 49. 30. 66. 66. 43. 51.  0.  0.  0.  0.  0.  0.  0.  0.  0.  0.  0.
  0.  0.  0.  0.  0.  0.  0.  0.  0.  0.  0.  0.]
None
C Means:
error
Error:
[0.25806452 0.         0.27272727 0.22222222 0.39285714 0.04918033
 0.01639344 0.         0.         0.         0.         0.
 0.         0.         0.         0.         0.         0.
 0.         0.         0.         0.         0.         0.
 0.         0.         0.         0.         0.         0.        ]
Precision:
[0.76666667 1.         0.8        0.7        0.56666667 0.96666667
 1.         0.         0.         0.         0.         0.
 0.         0.         0.         0.         0.         0.
 0.         0.         0.         0.         0.         0.
 0.         0.         0.         0.         0.         0.        ]
Recall:
[0.71875    1.         0.66666667 0.875      0.65384615 0.93548387
 0.96774194 0.         0.         0.         0.         0.
 0.         0.         0.         0.         0.         0.
 0.         0.         0.         0.         0.         0.
 0.         0.         0.         0.         0.         0.        ]
Correct classifications by class:
[23. 30. 24. 21. 17. 29. 30.  0.  0.  0.  0.  0.  0.  0.  0.  0.  0.  0.
  0.  0.  0.  0.  0.  0.  0.  0.  0.  0.  0.  0.]
Incorrect classifications by class
[16.  0. 18. 12. 22.  3.  1.  0.  0.  0.  0.  0.  0.  0.  0.  0.  0.  0.
  0.  0.  0.  0.  0.  0.  0.  0.  0.  0.  0.  0.]
None
PAM:
error
Error:
[0.22580645 0.         0.24242424 0.20754717 0.39285714 0.06451613
 0.01639344 0.         0.         0.         0.         0.
 0.         0.         0.         0.         0.         0.
 0.         0.         0.         0.         0.         0.
 0.         0.         0.         0.         0.         0.        ]
Precision:
[0.8        1.         0.83333333 0.7        0.56666667 0.96666667
 1.         0.         0.         0.         0.         0.
 0.         0.         0.         0.         0.         0.
 0.         0.         0.         0.         0.         0.
 0.         0.         0.         0.         0.         0.        ]
Recall:
[0.75       1.         0.69444444 0.91304348 0.65384615 0.90625
 0.96774194 0.         0.         0.         0.         0.
 0.         0.         0.         0.         0.         0.
 0.         0.         0.         0.         0.         0.
 0.         0.         0.         0.         0.         0.        ]
Correct classifications by class:
[24. 30. 25. 21. 17. 29. 30.  0.  0.  0.  0.  0.  0.  0.  0.  0.  0.  0.
  0.  0.  0.  0.  0.  0.  0.  0.  0.  0.  0.  0.]
Incorrect classifications by class
[14.  0. 16. 11. 22.  4.  1.  0.  0.  0.  0.  0.  0.  0.  0.  0.  0.  0.
  0.  0.  0.  0.  0.  0.  0.  0.  0.  0.  0.  0.]
None
